mtllib material.mtl
usemtl material_0
v 0.05728000 0.00823700 0.06267300
v 0.05728000 0.00823700 0.06267300
v 0.05728000 0.00823700 0.06267300
v 0.05728000 0.00823700 0.06267300
v 0.05789300 -0.00020000 0.06267300
v 0.05789300 -0.00020000 0.06267300
v 0.05241900 -0.02477300 0.06267300
v 0.05241900 -0.02477300 0.06267300
v 0.05241900 -0.02477300 0.06267300
v 0.05543800 -0.01687900 0.06267300
v 0.05543800 -0.01687900 0.06267300
v 0.05543800 -0.01687900 0.06267300
v 0.04311700 -0.03883300 0.06267300
v 0.04311700 -0.03883300 0.06267300
v 0.04311700 -0.03883300 0.06267300
v 0.00633200 -0.05774600 0.06267400
v 0.00633200 -0.05774600 0.06267400
v 0.00633200 -0.05774600 0.06267400
v -0.00211400 -0.05805500 0.06267400
v -0.00211400 -0.05805500 0.06267400
v -0.00211400 -0.05805500 0.06267400
v 0.04828300 -0.03214400 0.06267300
v 0.04828300 -0.03214400 0.06267300
v 0.04828300 -0.03214400 0.06267300
v 0.05727600 -0.00863000 0.06267300
v 0.05727600 -0.00863000 0.06267300
v 0.05727600 -0.00863000 0.06267300
v 0.02264200 -0.05348200 0.06267400
v 0.02264200 -0.05348200 0.06267400
v 0.02264200 -0.05348200 0.06267400
v 0.01464300 -0.05621100 0.06267400
v 0.01464300 -0.05621100 0.06267400
v 0.01464300 -0.05621100 0.06267400
v -0.03368500 -0.04728400 0.06267400
v -0.03368500 -0.04728400 0.06267400
v -0.03368500 -0.04728400 0.06267400
v -0.05407300 -0.02088200 0.06267400
v -0.05407300 -0.02088200 0.06267400
v -0.05650800 -0.01278800 0.06267400
v -0.05650800 -0.01278800 0.06267400
v -0.05650800 -0.01278800 0.06267400
v -0.03368500 0.04688300 0.06267400
v -0.03368500 0.04688300 0.06267400
v -0.03368500 0.04688300 0.06267400
v -0.04018200 0.04147700 0.06267400
v -0.04018200 0.04147700 0.06267400
v -0.04018200 0.04147700 0.06267400
v 0.03704100 -0.04469900 0.06267300
v 0.03704100 -0.04469900 0.06267300
v 0.03704100 -0.04469900 0.06267300
v 0.03704100 -0.04469900 0.06267300
v 0.03015900 -0.04961700 0.06267300
v 0.03015900 -0.04961700 0.06267300
v -0.02647100 -0.05168700 0.06267400
v -0.02647100 -0.05168700 0.06267400
v -0.02647100 -0.05168700 0.06267400
v -0.01869200 -0.05499300 0.06267400
v -0.01869200 -0.05499300 0.06267400
v -0.04018200 -0.04187800 0.06267400
v -0.04018200 -0.04187800 0.06267400
v -0.04018200 -0.04187800 0.06267400
v -0.05773800 -0.00442600 0.06267400
v -0.05773800 -0.00442600 0.06267400
v -0.05773800 -0.00442600 0.06267400
v -0.05773800 0.00402500 0.06267400
v -0.05773800 0.00402500 0.06267400
v -0.05773800 0.00402500 0.06267400
v -0.05650800 0.01238700 0.06267400
v -0.05650800 0.01238700 0.06267400
v -0.05650800 0.01238700 0.06267400
v -0.05408000 0.02047600 0.06267300
v -0.05408000 0.02047600 0.06267300
v -0.05408000 0.02047600 0.06267300
v -0.05408000 0.02047600 0.06267300
v -0.04582200 0.03518200 0.06267400
v -0.04582200 0.03518200 0.06267400
v -0.04582200 0.03518200 0.06267400
v -0.05048500 0.02813300 0.06267400
v -0.05048500 0.02813300 0.06267400
v 0.01464300 0.05581000 0.06267400
v 0.01464300 0.05581000 0.06267400
v 0.01464300 0.05581000 0.06267400
v 0.00633200 0.05734500 0.06267400
v 0.00633200 0.05734500 0.06267400
v 0.00633200 0.05734500 0.06267400
v -0.01050900 -0.05713700 0.06267300
v -0.01050900 -0.05713700 0.06267300
v -0.01050900 -0.05713700 0.06267300
v -0.01050900 -0.05713700 0.06267300
v -0.05048600 -0.02854300 0.06267300
v -0.05048600 -0.02854300 0.06267300
v -0.05048600 -0.02854300 0.06267300
v -0.05048600 -0.02854300 0.06267300
v -0.04582200 -0.03558300 0.06267400
v -0.04582200 -0.03558300 0.06267400
v -0.04582200 -0.03558300 0.06267400
v -0.02647100 0.05128600 0.06267400
v -0.02647100 0.05128600 0.06267400
v -0.02647100 0.05128600 0.06267400
v 0.03703300 0.04429900 0.06267300
v 0.03703300 0.04429900 0.06267300
v 0.04311700 0.03843300 0.06267300
v 0.04311700 0.03843300 0.06267300
v 0.04311700 0.03843300 0.06267300
v -0.01870100 0.05459400 0.06267300
v -0.01870100 0.05459400 0.06267300
v -0.01870100 0.05459400 0.06267300
v -0.01870100 0.05459400 0.06267300
v -0.00211400 0.05765400 0.06267400
v -0.00211400 0.05765400 0.06267400
v -0.00211400 0.05765400 0.06267400
v 0.02264200 0.05308100 0.06267400
v 0.02264200 0.05308100 0.06267400
v 0.02264200 0.05308100 0.06267400
v 0.03015500 0.04922500 0.06267300
v 0.03015500 0.04922500 0.06267300
v 0.03015500 0.04922500 0.06267300
v 0.03015500 0.04922500 0.06267300
v 0.05543800 0.01647800 0.06267300
v 0.05543800 0.01647800 0.06267300
v 0.05543800 0.01647800 0.06267300
v -0.01051500 0.05672900 0.06267400
v -0.01051500 0.05672900 0.06267400
v 0.05241900 0.02437300 0.06267300
v 0.05241900 0.02437300 0.06267300
v 0.05241900 0.02437300 0.06267300
v 0.04828300 0.03174300 0.06267300
v 0.04828300 0.03174300 0.06267300
v 0.04828300 0.03174300 0.06267300
v -0.04015600 -0.04184100 0.06286000
v -0.04015600 -0.04184100 0.06286000
v -0.04015600 -0.04184100 0.06286000
v -0.04015600 -0.04184100 0.06286000
v -0.04015600 -0.04184100 0.06286000
v -0.04015600 -0.04184100 0.06286000
v 0.05728300 -0.00863100 0.06275500
v 0.05728300 -0.00863100 0.06275500
v 0.05728300 -0.00863100 0.06275500
v 0.05728300 -0.00863100 0.06275500
v 0.05728300 -0.00863100 0.06275500
v 0.05728300 -0.00863100 0.06275500
v 0.05544500 -0.01688200 0.06275500
v 0.05544500 -0.01688200 0.06275500
v 0.05544500 -0.01688200 0.06275500
v 0.05544500 -0.01688200 0.06275500
v 0.05544500 -0.01688200 0.06275500
v 0.05544500 -0.01688200 0.06275500
v 0.03016200 -0.04962400 0.06275500
v 0.03016200 -0.04962400 0.06275500
v 0.03016200 -0.04962400 0.06275500
v 0.03016200 -0.04962400 0.06275500
v 0.03016200 -0.04962400 0.06275500
v 0.03016200 -0.04962400 0.06275500
v 0.02264500 -0.05348900 0.06275500
v 0.02264500 -0.05348900 0.06275500
v 0.02264500 -0.05348900 0.06275500
v 0.02264500 -0.05348900 0.06275500
v 0.02264500 -0.05348900 0.06275500
v 0.02264500 -0.05348900 0.06275500
v -0.01869500 -0.05499900 0.06275500
v -0.01869500 -0.05499900 0.06275500
v -0.01869500 -0.05499900 0.06275500
v -0.01869500 -0.05499900 0.06275500
v -0.01869500 -0.05499900 0.06275500
v -0.01869500 -0.05499900 0.06275500
v -0.02647500 -0.05169300 0.06275500
v -0.02647500 -0.05169300 0.06275500
v -0.02647500 -0.05169300 0.06275500
v -0.02647500 -0.05169300 0.06275500
v -0.02647500 -0.05169300 0.06275500
v -0.02647500 -0.05169300 0.06275500
v -0.05651500 -0.01278900 0.06275500
v -0.05651500 -0.01278900 0.06275500
v -0.05651500 -0.01278900 0.06275500
v -0.05651500 -0.01278900 0.06275500
v -0.05651500 -0.01278900 0.06275500
v -0.05651500 -0.01278900 0.06275500
v -0.05774600 -0.00442600 0.06275500
v -0.05774600 -0.00442600 0.06275500
v -0.05774600 -0.00442600 0.06275500
v -0.05774600 -0.00442600 0.06275500
v -0.05774600 -0.00442600 0.06275500
v -0.05774600 -0.00442600 0.06275500
v -0.04582700 0.03518700 0.06275500
v -0.04582700 0.03518700 0.06275500
v -0.04582700 0.03518700 0.06275500
v -0.04582700 0.03518700 0.06275500
v -0.04582700 0.03518700 0.06275500
v -0.04582700 0.03518700 0.06275500
v -0.04018700 0.04148200 0.06275500
v -0.04018700 0.04148200 0.06275500
v -0.04018700 0.04148200 0.06275500
v -0.04018700 0.04148200 0.06275500
v -0.04018700 0.04148200 0.06275500
v -0.04018700 0.04148200 0.06275500
v -0.00211400 0.05766100 0.06275500
v -0.00211400 0.05766100 0.06275500
v -0.00211400 0.05766100 0.06275500
v -0.00211400 0.05766100 0.06275500
v -0.00211400 0.05766100 0.06275500
v -0.00211400 0.05766100 0.06275500
v 0.00633300 0.05735200 0.06275500
v 0.00633300 0.05735200 0.06275500
v 0.00633300 0.05735200 0.06275500
v 0.00633300 0.05735200 0.06275500
v 0.00633300 0.05735200 0.06275500
v 0.00633300 0.05735200 0.06275500
v 0.04312300 0.03843700 0.06275500
v 0.04312300 0.03843700 0.06275500
v 0.04312300 0.03843700 0.06275500
v 0.04312300 0.03843700 0.06275500
v 0.04312300 0.03843700 0.06275500
v 0.04312300 0.03843700 0.06275500
v 0.05242600 0.02437500 0.06275500
v 0.05242600 0.02437500 0.06275500
v 0.05242600 0.02437500 0.06275500
v 0.05242600 0.02437500 0.06275500
v 0.05242600 0.02437500 0.06275500
v 0.05242600 0.02437500 0.06275500
v 0.05544500 0.01648000 0.06275500
v 0.05544500 0.01648000 0.06275500
v 0.05544500 0.01648000 0.06275500
v 0.05544500 0.01648000 0.06275500
v 0.05544500 0.01648000 0.06275500
v 0.05544500 0.01648000 0.06275500
v -0.05408000 -0.02088400 0.06275500
v -0.05408000 -0.02088400 0.06275500
v -0.05408000 -0.02088400 0.06275500
v -0.05408000 -0.02088400 0.06275500
v -0.05408000 -0.02088400 0.06275500
v -0.05408000 -0.02088400 0.06275500
v -0.04582800 -0.03558700 0.06275500
v -0.04582800 -0.03558700 0.06275500
v -0.04582800 -0.03558700 0.06275500
v -0.04582800 -0.03558700 0.06275500
v -0.04582800 -0.03558700 0.06275500
v -0.04582800 -0.03558700 0.06275500
v -0.05405000 0.02047500 0.06284000
v -0.05405000 0.02047500 0.06284000
v -0.05405000 0.02047500 0.06284000
v -0.05405000 0.02047500 0.06284000
v -0.05405000 0.02047500 0.06284000
v -0.05405000 0.02047500 0.06284000
v -0.05405000 0.02047500 0.06284000
v -0.05049200 0.02813700 0.06275500
v -0.05049200 0.02813700 0.06275500
v -0.05049200 0.02813700 0.06275500
v -0.05049200 0.02813700 0.06275500
v -0.05049200 0.02813700 0.06275500
v -0.05049200 0.02813700 0.06275500
v -0.01868200 0.05457100 0.06284000
v -0.01868200 0.05457100 0.06284000
v -0.01868200 0.05457100 0.06284000
v -0.01868200 0.05457100 0.06284000
v -0.01868200 0.05457100 0.06284000
v -0.01868200 0.05457100 0.06284000
v -0.01868200 0.05457100 0.06284000
v -0.01051600 0.05673700 0.06275500
v -0.01051600 0.05673700 0.06275500
v -0.01051600 0.05673700 0.06275500
v -0.01051600 0.05673700 0.06275500
v -0.01051600 0.05673700 0.06275500
v -0.01051600 0.05673700 0.06275500
v 0.03014900 0.04919500 0.06284000
v 0.03014900 0.04919500 0.06284000
v 0.03014900 0.04919500 0.06284000
v 0.03014900 0.04919500 0.06284000
v 0.03014900 0.04919500 0.06284000
v 0.03014900 0.04919500 0.06284000
v 0.03014900 0.04919500 0.06284000
v 0.03703700 0.04430400 0.06275500
v 0.03703700 0.04430400 0.06275500
v 0.03703700 0.04430400 0.06275500
v 0.03703700 0.04430400 0.06275500
v 0.03703700 0.04430400 0.06275500
v 0.03703700 0.04430400 0.06275500
v 0.04824200 -0.03212500 0.06286000
v 0.04824200 -0.03212500 0.06286000
v 0.04824200 -0.03212500 0.06286000
v 0.04824200 -0.03212500 0.06286000
v 0.04824200 -0.03212500 0.06286000
v 0.04824200 -0.03212500 0.06286000
v 0.04312200 -0.03883900 0.06275500
v 0.04312200 -0.03883900 0.06275500
v 0.04312200 -0.03883900 0.06275500
v 0.04312200 -0.03883900 0.06275500
v 0.04312200 -0.03883900 0.06275500
v 0.04312200 -0.03883900 0.06275500
v 0.04828800 -0.03214800 0.06275500
v 0.04828800 -0.03214800 0.06275500
v 0.04828800 -0.03214800 0.06275500
v 0.04828800 -0.03214800 0.06275500
v 0.04828800 -0.03214800 0.06275500
v 0.04828800 -0.03214800 0.06275500
v 0.00632000 -0.05770200 0.06286000
v 0.00632000 -0.05770200 0.06286000
v 0.00632000 -0.05770200 0.06286000
v 0.00632000 -0.05770200 0.06286000
v 0.00632000 -0.05770200 0.06286000
v 0.00632000 -0.05770200 0.06286000
v -0.00211500 -0.05806200 0.06275500
v -0.00211500 -0.05806200 0.06275500
v -0.00211500 -0.05806200 0.06275500
v -0.00211500 -0.05806200 0.06275500
v -0.00211500 -0.05806200 0.06275500
v -0.00211500 -0.05806200 0.06275500
v 0.00633200 -0.05775300 0.06275500
v 0.00633200 -0.05775300 0.06275500
v 0.00633200 -0.05775300 0.06275500
v 0.00633200 -0.05775300 0.06275500
v 0.00633200 -0.05775300 0.06275500
v 0.00633200 -0.05775300 0.06275500
v -0.04018700 -0.04188300 0.06275500
v -0.04018700 -0.04188300 0.06275500
v -0.04018700 -0.04188300 0.06275500
v -0.04018700 -0.04188300 0.06275500
v -0.04018700 -0.04188300 0.06275500
v -0.04018700 -0.04188300 0.06275500
v -0.05646400 0.01238400 0.06285800
v -0.05646400 0.01238400 0.06285800
v -0.05646400 0.01238400 0.06285800
v -0.05646400 0.01238400 0.06285800
v -0.05646400 0.01238400 0.06285800
v -0.05651500 0.01238900 0.06275500
v -0.05651500 0.01238900 0.06275500
v -0.05651500 0.01238900 0.06275500
v -0.05651500 0.01238900 0.06275500
v -0.05651500 0.01238900 0.06275500
v -0.05651500 0.01238900 0.06275500
v -0.02644500 0.05124900 0.06286000
v -0.02644500 0.05124900 0.06286000
v -0.02644500 0.05124900 0.06286000
v -0.02644500 0.05124900 0.06286000
v -0.02644500 0.05124900 0.06286000
v -0.02647400 0.05129300 0.06275500
v -0.02647400 0.05129300 0.06275500
v -0.02647400 0.05129300 0.06275500
v -0.02647400 0.05129300 0.06275500
v -0.02647400 0.05129300 0.06275500
v -0.02647400 0.05129300 0.06275500
v 0.02263100 0.05303700 0.06286000
v 0.02263100 0.05303700 0.06286000
v 0.02263100 0.05303700 0.06286000
v 0.02263100 0.05303700 0.06286000
v 0.02263100 0.05303700 0.06286000
v 0.02264500 0.05308800 0.06275500
v 0.02264500 0.05308800 0.06275500
v 0.02264500 0.05308800 0.06275500
v 0.02264500 0.05308800 0.06275500
v 0.02264500 0.05308800 0.06275500
v 0.02264500 0.05308800 0.06275500
v 0.05237700 -0.02476000 0.06285800
v 0.05237700 -0.02476000 0.06285800
v 0.05237700 -0.02476000 0.06285800
v 0.05237700 -0.02476000 0.06285800
v 0.05237700 -0.02476000 0.06285800
v 0.05237700 -0.02476000 0.06285800
v 0.05242500 -0.02477700 0.06275500
v 0.05242500 -0.02477700 0.06275500
v 0.05242500 -0.02477700 0.06275500
v 0.05242500 -0.02477700 0.06275500
v 0.05242500 -0.02477700 0.06275500
v 0.05242500 -0.02477700 0.06275500
v 0.01462600 -0.05617000 0.06285800
v 0.01462600 -0.05617000 0.06285800
v 0.01462600 -0.05617000 0.06285800
v 0.01462600 -0.05617000 0.06285800
v 0.01462600 -0.05617000 0.06285800
v 0.01462600 -0.05617000 0.06285800
v 0.01464400 -0.05621800 0.06275500
v 0.01464400 -0.05621800 0.06275500
v 0.01464400 -0.05621800 0.06275500
v 0.01464400 -0.05621800 0.06275500
v 0.01464400 -0.05621800 0.06275500
v 0.01464400 -0.05621800 0.06275500
v -0.03366500 -0.04724500 0.06285800
v -0.03366500 -0.04724500 0.06285800
v -0.03366500 -0.04724500 0.06285800
v -0.03366500 -0.04724500 0.06285800
v -0.03366500 -0.04724500 0.06285800
v -0.03366500 -0.04724500 0.06285800
v -0.03369000 -0.04729000 0.06275500
v -0.03369000 -0.04729000 0.06275500
v -0.03369000 -0.04729000 0.06275500
v -0.03369000 -0.04729000 0.06275500
v -0.03369000 -0.04729000 0.06275500
v -0.03369000 -0.04729000 0.06275500
v -0.05046700 -0.02852000 0.06284000
v -0.05046700 -0.02852000 0.06284000
v -0.05046700 -0.02852000 0.06284000
v -0.05046700 -0.02852000 0.06284000
v -0.05046700 -0.02852000 0.06284000
v -0.05046700 -0.02852000 0.06284000
v -0.05046700 -0.02852000 0.06284000
v -0.05403300 -0.02086100 0.06285900
v -0.05403300 -0.02086100 0.06285900
v -0.05403300 -0.02086100 0.06285900
v -0.05403300 -0.02086100 0.06285900
v -0.05403300 -0.02086100 0.06285900
v -0.05403300 -0.02086100 0.06285900
v -0.05768500 0.00402200 0.06286800
v -0.05768500 0.00402200 0.06286800
v -0.05768500 0.00402200 0.06286800
v -0.05768500 0.00402200 0.06286800
v -0.05768500 0.00402200 0.06286800
v -0.05768500 0.00402200 0.06286800
v -0.05774600 0.00402600 0.06275500
v -0.05774600 0.00402600 0.06275500
v -0.05774600 0.00402600 0.06275500
v -0.05774600 0.00402600 0.06275500
v -0.05774600 0.00402600 0.06275500
v -0.05774600 0.00402600 0.06275500
v -0.05044400 0.02811600 0.06285900
v -0.05044400 0.02811600 0.06285900
v -0.05044400 0.02811600 0.06285900
v -0.05044400 0.02811600 0.06285900
v -0.05044400 0.02811600 0.06285900
v -0.05044400 0.02811600 0.06285900
v -0.03365500 0.04685100 0.06285800
v -0.03365500 0.04685100 0.06285800
v -0.03365500 0.04685100 0.06285800
v -0.03365500 0.04685100 0.06285800
v -0.03365500 0.04685100 0.06285800
v -0.03365500 0.04685100 0.06285800
v -0.03368900 0.04688900 0.06275500
v -0.03368900 0.04688900 0.06275500
v -0.03368900 0.04688900 0.06275500
v -0.03368900 0.04688900 0.06275500
v -0.03368900 0.04688900 0.06275500
v -0.03368900 0.04688900 0.06275500
v -0.01050300 0.05668700 0.06285900
v -0.01050300 0.05668700 0.06285900
v -0.01050300 0.05668700 0.06285900
v -0.01050300 0.05668700 0.06285900
v -0.01050300 0.05668700 0.06285900
v -0.01050300 0.05668700 0.06285900
v 0.01463800 0.05576600 0.06285800
v 0.01463800 0.05576600 0.06285800
v 0.01463800 0.05576600 0.06285800
v 0.01463800 0.05576600 0.06285800
v 0.01463800 0.05576600 0.06285800
v 0.01463800 0.05576600 0.06285800
v 0.01464500 0.05581700 0.06275500
v 0.01464500 0.05581700 0.06275500
v 0.01464500 0.05581700 0.06275500
v 0.01464500 0.05581700 0.06275500
v 0.01464500 0.05581700 0.06275500
v 0.01464500 0.05581700 0.06275500
v 0.03700800 0.04426200 0.06285900
v 0.03700800 0.04426200 0.06285900
v 0.03700800 0.04426200 0.06285900
v 0.03700800 0.04426200 0.06285900
v 0.03700800 0.04426200 0.06285900
v 0.03700800 0.04426200 0.06285900
v 0.05723100 -0.00862800 0.06285900
v 0.05723100 -0.00862800 0.06285900
v 0.05723100 -0.00862800 0.06285900
v 0.05723100 -0.00862800 0.06285900
v 0.05723100 -0.00862800 0.06285900
v 0.05723100 -0.00862800 0.06285900
v 0.05539400 -0.01687100 0.06285900
v 0.05539400 -0.01687100 0.06285900
v 0.05539400 -0.01687100 0.06285900
v 0.05539400 -0.01687100 0.06285900
v 0.05539400 -0.01687100 0.06285900
v 0.05539400 -0.01687100 0.06285900
v 0.04307900 -0.03880900 0.06286000
v 0.04307900 -0.03880900 0.06286000
v 0.04307900 -0.03880900 0.06286000
v 0.04307900 -0.03880900 0.06286000
v 0.04307900 -0.03880900 0.06286000
v 0.03013100 -0.04958200 0.06285900
v 0.03013100 -0.04958200 0.06285900
v 0.03013100 -0.04958200 0.06285900
v 0.03013100 -0.04958200 0.06285900
v 0.03013100 -0.04958200 0.06285900
v 0.03013100 -0.04958200 0.06285900
v 0.02262000 -0.05344300 0.06285900
v 0.02262000 -0.05344300 0.06285900
v 0.02262000 -0.05344300 0.06285900
v 0.02262000 -0.05344300 0.06285900
v 0.02262000 -0.05344300 0.06285900
v 0.02262000 -0.05344300 0.06285900
v -0.00212000 -0.05801000 0.06286000
v -0.00212000 -0.05801000 0.06286000
v -0.00212000 -0.05801000 0.06286000
v -0.00212000 -0.05801000 0.06286000
v -0.00212000 -0.05801000 0.06286000
v -0.01868300 -0.05494900 0.06285900
v -0.01868300 -0.05494900 0.06285900
v -0.01868300 -0.05494900 0.06285900
v -0.01868300 -0.05494900 0.06285900
v -0.01868300 -0.05494900 0.06285900
v -0.01868300 -0.05494900 0.06285900
v -0.02645500 -0.05164500 0.06285900
v -0.02645500 -0.05164500 0.06285900
v -0.02645500 -0.05164500 0.06285900
v -0.02645500 -0.05164500 0.06285900
v -0.02645500 -0.05164500 0.06285900
v -0.02645500 -0.05164500 0.06285900
v -0.04579100 -0.03555000 0.06286000
v -0.04579100 -0.03555000 0.06286000
v -0.04579100 -0.03555000 0.06286000
v -0.04579100 -0.03555000 0.06286000
v -0.04579100 -0.03555000 0.06286000
v -0.05646700 -0.01277300 0.06285800
v -0.05646700 -0.01277300 0.06285800
v -0.05646700 -0.01277300 0.06285800
v -0.05646700 -0.01277300 0.06285800
v -0.05646700 -0.01277300 0.06285800
v -0.05646700 -0.01277300 0.06285800
v -0.05768600 -0.00440400 0.06286900
v -0.05768600 -0.00440400 0.06286900
v -0.05768600 -0.00440400 0.06286900
v -0.05768600 -0.00440400 0.06286900
v -0.05768600 -0.00440400 0.06286900
v -0.05768600 -0.00440400 0.06286900
v -0.05768600 -0.00440400 0.06286900
v -0.04578400 0.03515900 0.06285900
v -0.04578400 0.03515900 0.06285900
v -0.04578400 0.03515900 0.06285900
v -0.04578400 0.03515900 0.06285900
v -0.04578400 0.03515900 0.06285900
v -0.04578400 0.03515900 0.06285900
v -0.04014800 0.04144800 0.06285900
v -0.04014800 0.04144800 0.06285900
v -0.04014800 0.04144800 0.06285900
v -0.04014800 0.04144800 0.06285900
v -0.04014800 0.04144800 0.06285900
v -0.04014800 0.04144800 0.06285900
v -0.00210800 0.05761000 0.06285900
v -0.00210800 0.05761000 0.06285900
v -0.00210800 0.05761000 0.06285900
v -0.00210800 0.05761000 0.06285900
v -0.00210800 0.05761000 0.06285900
v -0.00210800 0.05761000 0.06285900
v 0.00633200 0.05730000 0.06285900
v 0.00633200 0.05730000 0.06285900
v 0.00633200 0.05730000 0.06285900
v 0.00633200 0.05730000 0.06285900
v 0.00633200 0.05730000 0.06285900
v 0.00633200 0.05730000 0.06285900
v 0.04828900 0.03174700 0.06275500
v 0.04828900 0.03174700 0.06275500
v 0.04828900 0.03174700 0.06275500
v 0.04828900 0.03174700 0.06275500
v 0.04828900 0.03174700 0.06275500
v 0.04828900 0.03174700 0.06275500
v 0.04308700 0.03839900 0.06285900
v 0.04308700 0.03839900 0.06285900
v 0.04308700 0.03839900 0.06285900
v 0.04308700 0.03839900 0.06285900
v 0.04308700 0.03839900 0.06285900
v 0.04308700 0.03839900 0.06285900
v 0.04824800 0.03171400 0.06285900
v 0.04824800 0.03171400 0.06285900
v 0.04824800 0.03171400 0.06285900
v 0.04824800 0.03171400 0.06285900
v 0.04824800 0.03171400 0.06285900
v 0.04824800 0.03171400 0.06285900
v 0.04824800 0.03171400 0.06285900
v 0.05238100 0.02434900 0.06285900
v 0.05238100 0.02434900 0.06285900
v 0.05238100 0.02434900 0.06285900
v 0.05238100 0.02434900 0.06285900
v 0.05238100 0.02434900 0.06285900
v 0.05238100 0.02434900 0.06285900
v 0.05539800 0.01646000 0.06285800
v 0.05539800 0.01646000 0.06285800
v 0.05539800 0.01646000 0.06285800
v 0.05539800 0.01646000 0.06285800
v 0.05784900 -0.00020700 0.06285800
v 0.05784900 -0.00020700 0.06285800
v 0.05784900 -0.00020700 0.06285800
v 0.05784900 -0.00020700 0.06285800
v 0.05784900 -0.00020700 0.06285800
v 0.05784900 -0.00020700 0.06285800
v 0.05790000 -0.00020100 0.06275500
v 0.05790000 -0.00020100 0.06275500
v 0.05790000 -0.00020100 0.06275500
v 0.05790000 -0.00020100 0.06275500
v 0.05790000 -0.00020100 0.06275500
v 0.05790000 -0.00020100 0.06275500
v 0.03701600 -0.04468400 0.06284000
v 0.03701600 -0.04468400 0.06284000
v 0.03701600 -0.04468400 0.06284000
v 0.03701600 -0.04468400 0.06284000
v 0.03701600 -0.04468400 0.06284000
v 0.03701600 -0.04468400 0.06284000
v 0.03701600 -0.04468400 0.06284000
v -0.01051400 -0.05710700 0.06284000
v -0.01051400 -0.05710700 0.06284000
v -0.01051400 -0.05710700 0.06284000
v -0.01051400 -0.05710700 0.06284000
v -0.01051400 -0.05710700 0.06284000
v -0.01051400 -0.05710700 0.06284000
v -0.01051400 -0.05710700 0.06284000
v -0.05779900 -0.00020000 0.06289700
v -0.05779900 -0.00020000 0.06289700
v -0.05779900 -0.00020000 0.06289700
v -0.05779900 -0.00020000 0.06289700
v 0.05725400 0.00822300 0.06284000
v 0.05725400 0.00822300 0.06284000
v 0.05725400 0.00822300 0.06284000
v 0.05725400 0.00822300 0.06284000
v 0.05725400 0.00822300 0.06284000
v 0.05725400 0.00822300 0.06284000
v 0.05725400 0.00822300 0.06284000
v -0.05754300 0.00401200 0.06298100
v -0.05754300 0.00401200 0.06298100
v -0.05754300 0.00401200 0.06298100
v -0.05754300 0.00401200 0.06298100
v -0.05754300 0.00401200 0.06298100
v -0.05754300 0.00401200 0.06298100
v -0.05754300 0.00401200 0.06298100
v -0.05753600 -0.00442400 0.06298800
v -0.05753600 -0.00442400 0.06298800
v -0.05753600 -0.00442400 0.06298800
v -0.05753600 -0.00442400 0.06298800
v -0.05753600 -0.00442400 0.06298800
v -0.05753600 -0.00442400 0.06298800
v -0.05627100 -0.01276200 0.06303400
v -0.05627100 -0.01276200 0.06303400
v -0.05627100 -0.01276200 0.06303400
v -0.05627100 -0.01276200 0.06303400
v -0.05627100 -0.01276200 0.06303400
v -0.05627100 -0.01276200 0.06303400
v -0.05627100 -0.01276200 0.06303400
v -0.05627100 -0.01276200 0.06303400
v -0.05387500 -0.02081700 0.06299800
v -0.05387500 -0.02081700 0.06299800
v -0.05387500 -0.02081700 0.06299800
v -0.05387500 -0.02081700 0.06299800
v -0.05387500 -0.02081700 0.06299800
v -0.05030300 -0.02843400 0.06299700
v -0.05030300 -0.02843400 0.06299700
v -0.05030300 -0.02843400 0.06299700
v -0.05030300 -0.02843400 0.06299700
v -0.05030300 -0.02843400 0.06299700
v -0.05030300 -0.02843400 0.06299700
v -0.04565600 -0.03545800 0.06299700
v -0.04565600 -0.03545800 0.06299700
v -0.04565600 -0.03545800 0.06299700
v -0.04565600 -0.03545800 0.06299700
v -0.04565600 -0.03545800 0.06299700
v -0.04565600 -0.03545800 0.06299700
v -0.04003100 -0.04173200 0.06300000
v -0.04003100 -0.04173200 0.06300000
v -0.04003100 -0.04173200 0.06300000
v -0.04003100 -0.04173200 0.06300000
v -0.04003100 -0.04173200 0.06300000
v -0.04003100 -0.04173200 0.06300000
v -0.03355600 -0.04712100 0.06299800
v -0.03355600 -0.04712100 0.06299800
v -0.03355600 -0.04712100 0.06299800
v -0.03355600 -0.04712100 0.06299800
v -0.03355600 -0.04712100 0.06299800
v -0.03355600 -0.04712100 0.06299800
v -0.02636600 -0.05150700 0.06299800
v -0.02636600 -0.05150700 0.06299800
v -0.02636600 -0.05150700 0.06299800
v -0.02636600 -0.05150700 0.06299800
v -0.02636600 -0.05150700 0.06299800
v -0.02636600 -0.05150700 0.06299800
v -0.01859200 -0.05477600 0.06303400
v -0.01859200 -0.05477600 0.06303400
v -0.01859200 -0.05477600 0.06303400
v -0.01859200 -0.05477600 0.06303400
v -0.01859200 -0.05477600 0.06303400
v -0.01859200 -0.05477600 0.06303400
v -0.01859200 -0.05477600 0.06303400
v -0.01047400 -0.05690600 0.06302100
v -0.01047400 -0.05690600 0.06302100
v -0.01047400 -0.05690600 0.06302100
v -0.01047400 -0.05690600 0.06302100
v -0.01047400 -0.05690600 0.06302100
v -0.01047400 -0.05690600 0.06302100
v -0.00210500 -0.05784700 0.06299700
v -0.00210500 -0.05784700 0.06299700
v -0.00210500 -0.05784700 0.06299700
v -0.00210500 -0.05784700 0.06299700
v -0.00210500 -0.05784700 0.06299700
v 0.00631100 -0.05753900 0.06299700
v 0.00631100 -0.05753900 0.06299700
v 0.00631100 -0.05753900 0.06299700
v 0.00631100 -0.05753900 0.06299700
v 0.00631100 -0.05753900 0.06299700
v 0.00631100 -0.05753900 0.06299700
v 0.01459700 -0.05600700 0.06300000
v 0.01459700 -0.05600700 0.06300000
v 0.01459700 -0.05600700 0.06300000
v 0.01459700 -0.05600700 0.06300000
v 0.01459700 -0.05600700 0.06300000
v 0.01459700 -0.05600700 0.06300000
v 0.02257100 -0.05327500 0.06300900
v 0.02257100 -0.05327500 0.06300900
v 0.02257100 -0.05327500 0.06300900
v 0.02257100 -0.05327500 0.06300900
v 0.02257100 -0.05327500 0.06300900
v 0.02257100 -0.05327500 0.06300900
v 0.03005800 -0.04942300 0.06300900
v 0.03005800 -0.04942300 0.06300900
v 0.03005800 -0.04942300 0.06300900
v 0.03005800 -0.04942300 0.06300900
v 0.03005800 -0.04942300 0.06300900
v 0.03005800 -0.04942300 0.06300900
v 0.03689400 -0.04453100 0.06300900
v 0.03689400 -0.04453100 0.06300900
v 0.03689400 -0.04453100 0.06300900
v 0.03689400 -0.04453100 0.06300900
v 0.03689400 -0.04453100 0.06300900
v 0.03689400 -0.04453100 0.06300900
v 0.03689400 -0.04453100 0.06300900
v 0.04296400 -0.03869300 0.06299700
v 0.04296400 -0.03869300 0.06299700
v 0.04296400 -0.03869300 0.06299700
v 0.04296400 -0.03869300 0.06299700
v 0.04296400 -0.03869300 0.06299700
v 0.04809300 -0.03201800 0.06302100
v 0.04809300 -0.03201800 0.06302100
v 0.04809300 -0.03201800 0.06302100
v 0.04809300 -0.03201800 0.06302100
v 0.04809300 -0.03201800 0.06302100
v 0.04809300 -0.03201800 0.06302100
v 0.04809300 -0.03201800 0.06302100
v 0.05223300 -0.02467800 0.06300000
v 0.05223300 -0.02467800 0.06300000
v 0.05223300 -0.02467800 0.06300000
v 0.05223300 -0.02467800 0.06300000
v 0.05223300 -0.02467800 0.06300000
v 0.05522600 -0.01679400 0.06302100
v 0.05522600 -0.01679400 0.06302100
v 0.05522600 -0.01679400 0.06302100
v 0.05522600 -0.01679400 0.06302100
v 0.05522600 -0.01679400 0.06302100
v 0.05522600 -0.01679400 0.06302100
v 0.05704500 -0.00857000 0.06303400
v 0.05704500 -0.00857000 0.06303400
v 0.05704500 -0.00857000 0.06303400
v 0.05704500 -0.00857000 0.06303400
v 0.05704500 -0.00857000 0.06303400
v 0.05704500 -0.00857000 0.06303400
v 0.05704500 -0.00857000 0.06303400
v 0.05768400 -0.00019300 0.06300000
v 0.05768400 -0.00019300 0.06300000
v 0.05768400 -0.00019300 0.06300000
v 0.05768400 -0.00019300 0.06300000
v 0.05768400 -0.00019300 0.06300000
v 0.05707000 0.00820000 0.06299700
v 0.05707000 0.00820000 0.06299700
v 0.05707000 0.00820000 0.06299700
v 0.05707000 0.00820000 0.06299700
v 0.05707000 0.00820000 0.06299700
v 0.05707000 0.00820000 0.06299700
v 0.05523900 0.01642000 0.06299700
v 0.05523900 0.01642000 0.06299700
v 0.05523900 0.01642000 0.06299700
v 0.05523900 0.01642000 0.06299700
v 0.05523900 0.01642000 0.06299700
v 0.05523900 0.01642000 0.06299700
v 0.05523900 0.01642000 0.06299700
v 0.05223000 0.02428600 0.06299700
v 0.05223000 0.02428600 0.06299700
v 0.05223000 0.02428600 0.06299700
v 0.05223000 0.02428600 0.06299700
v 0.05223000 0.02428600 0.06299700
v 0.05223000 0.02428600 0.06299700
v 0.04807700 0.03162200 0.06304000
v 0.04807700 0.03162200 0.06304000
v 0.04807700 0.03162200 0.06304000
v 0.04807700 0.03162200 0.06304000
v 0.04807700 0.03162200 0.06304000
v 0.04807700 0.03162200 0.06304000
v 0.04292300 0.03829300 0.06303400
v 0.04292300 0.03829300 0.06303400
v 0.04292300 0.03829300 0.06303400
v 0.04292300 0.03829300 0.06303400
v 0.04292300 0.03829300 0.06303400
v 0.04292300 0.03829300 0.06303400
v 0.03686100 0.04413300 0.06303400
v 0.03686100 0.04413300 0.06303400
v 0.03686100 0.04413300 0.06303400
v 0.03686100 0.04413300 0.06303400
v 0.03686100 0.04413300 0.06303400
v 0.03686100 0.04413300 0.06303400
v 0.03686100 0.04413300 0.06303400
v 0.03004000 0.04902200 0.06302100
v 0.03004000 0.04902200 0.06302100
v 0.03004000 0.04902200 0.06302100
v 0.03004000 0.04902200 0.06302100
v 0.03004000 0.04902200 0.06302100
v 0.03004000 0.04902200 0.06302100
v 0.02255900 0.05289100 0.06299700
v 0.02255900 0.05289100 0.06299700
v 0.02255900 0.05289100 0.06299700
v 0.02255900 0.05289100 0.06299700
v 0.02255900 0.05289100 0.06299700
v 0.01457400 0.05559100 0.06302500
v 0.01457400 0.05559100 0.06302500
v 0.01457400 0.05559100 0.06302500
v 0.01457400 0.05559100 0.06302500
v 0.01457400 0.05559100 0.06302500
v 0.01457400 0.05559100 0.06302500
v 0.01457400 0.05559100 0.06302500
v 0.00629800 0.05714000 0.06299800
v 0.00629800 0.05714000 0.06299800
v 0.00629800 0.05714000 0.06299800
v 0.00629800 0.05714000 0.06299800
v 0.00629800 0.05714000 0.06299800
v -0.00211800 0.05744600 0.06299800
v -0.00211800 0.05744600 0.06299800
v -0.00211800 0.05744600 0.06299800
v -0.00211800 0.05744600 0.06299800
v -0.00211800 0.05744600 0.06299800
v -0.00211800 0.05744600 0.06299800
v -0.01048800 0.05652300 0.06299800
v -0.01048800 0.05652300 0.06299800
v -0.01048800 0.05652300 0.06299800
v -0.01048800 0.05652300 0.06299800
v -0.01048800 0.05652300 0.06299800
v -0.01048800 0.05652300 0.06299800
v -0.01861900 0.05437600 0.06302100
v -0.01861900 0.05437600 0.06302100
v -0.01861900 0.05437600 0.06302100
v -0.01861900 0.05437600 0.06302100
v -0.01861900 0.05437600 0.06302100
v -0.01861900 0.05437600 0.06302100
v -0.01861900 0.05437600 0.06302100
v -0.02637800 0.05110000 0.06299700
v -0.02637800 0.05110000 0.06299700
v -0.02637800 0.05110000 0.06299700
v -0.02637800 0.05110000 0.06299700
v -0.02637800 0.05110000 0.06299700
v -0.03357000 0.04670900 0.06300000
v -0.03357000 0.04670900 0.06300000
v -0.03357000 0.04670900 0.06300000
v -0.03357000 0.04670900 0.06300000
v -0.03357000 0.04670900 0.06300000
v -0.03357000 0.04670900 0.06300000
v -0.04004500 0.04132000 0.06299800
v -0.04004500 0.04132000 0.06299800
v -0.04004500 0.04132000 0.06299800
v -0.04004500 0.04132000 0.06299800
v -0.04004500 0.04132000 0.06299800
v -0.04004500 0.04132000 0.06299800
v -0.04565000 0.03501700 0.06303400
v -0.04565000 0.03501700 0.06303400
v -0.04565000 0.03501700 0.06303400
v -0.04565000 0.03501700 0.06303400
v -0.04565000 0.03501700 0.06303400
v -0.04565000 0.03501700 0.06303400
v -0.05029100 0.02799500 0.06303400
v -0.05029100 0.02799500 0.06303400
v -0.05029100 0.02799500 0.06303400
v -0.05029100 0.02799500 0.06303400
v -0.05029100 0.02799500 0.06303400
v -0.05029100 0.02799500 0.06303400
v -0.05029100 0.02799500 0.06303400
v -0.05387900 0.02040500 0.06299700
v -0.05387900 0.02040500 0.06299700
v -0.05387900 0.02040500 0.06299700
v -0.05387900 0.02040500 0.06299700
v -0.05387900 0.02040500 0.06299700
v -0.05630500 0.01233500 0.06300000
v -0.05630500 0.01233500 0.06300000
v -0.05630500 0.01233500 0.06300000
v -0.05630500 0.01233500 0.06300000
v -0.05630500 0.01233500 0.06300000
v -0.05630500 0.01233500 0.06300000
v 0.05764800 -0.00020100 0.06312000
v 0.05764800 -0.00020100 0.06312000
v 0.05764800 -0.00020100 0.06312000
v 0.05764800 -0.00020100 0.06312000
v 0.05764800 -0.00020100 0.06312000
v 0.05764800 -0.00020100 0.06312000
v 0.05219700 -0.02467000 0.06312000
v 0.05219700 -0.02467000 0.06312000
v 0.05219700 -0.02467000 0.06312000
v 0.05219700 -0.02467000 0.06312000
v 0.05219700 -0.02467000 0.06312000
v 0.05219700 -0.02467000 0.06312000
v 0.04293500 -0.03867000 0.06312000
v 0.04293500 -0.03867000 0.06312000
v 0.04293500 -0.03867000 0.06312000
v 0.04293500 -0.03867000 0.06312000
v 0.04293500 -0.03867000 0.06312000
v 0.04293500 -0.03867000 0.06312000
v 0.01458100 -0.05597400 0.06312000
v 0.01458100 -0.05597400 0.06312000
v 0.01458100 -0.05597400 0.06312000
v 0.01458100 -0.05597400 0.06312000
v 0.01458100 -0.05597400 0.06312000
v 0.01458100 -0.05597400 0.06312000
v 0.00630500 -0.05750300 0.06312000
v 0.00630500 -0.05750300 0.06312000
v 0.00630500 -0.05750300 0.06312000
v 0.00630500 -0.05750300 0.06312000
v 0.00630500 -0.05750300 0.06312000
v 0.00630500 -0.05750300 0.06312000
v -0.00210500 -0.05781200 0.06310400
v -0.00210500 -0.05781200 0.06310400
v -0.00210500 -0.05781200 0.06310400
v -0.00210500 -0.05781200 0.06310400
v -0.00210500 -0.05781200 0.06310400
v -0.00210500 -0.05781200 0.06310400
v -0.02635900 -0.05146900 0.06312000
v -0.02635900 -0.05146900 0.06312000
v -0.02635900 -0.05146900 0.06312000
v -0.02635900 -0.05146900 0.06312000
v -0.02635900 -0.05146900 0.06312000
v -0.02635900 -0.05146900 0.06312000
v -0.03354300 -0.04708500 0.06312000
v -0.03354300 -0.04708500 0.06312000
v -0.03354300 -0.04708500 0.06312000
v -0.03354300 -0.04708500 0.06312000
v -0.03354300 -0.04708500 0.06312000
v -0.03354300 -0.04708500 0.06312000
v -0.04001200 -0.04170100 0.06312000
v -0.04001200 -0.04170100 0.06312000
v -0.04001200 -0.04170100 0.06312000
v -0.04001200 -0.04170100 0.06312000
v -0.04001200 -0.04170100 0.06312000
v -0.04001200 -0.04170100 0.06312000
v -0.04562800 -0.03543300 0.06312000
v -0.04562800 -0.03543300 0.06312000
v -0.04562800 -0.03543300 0.06312000
v -0.04562800 -0.03543300 0.06312000
v -0.04562800 -0.03543300 0.06312000
v -0.04562800 -0.03543300 0.06312000
v -0.05027300 -0.02841500 0.06310400
v -0.05027300 -0.02841500 0.06310400
v -0.05027300 -0.02841500 0.06310400
v -0.05027300 -0.02841500 0.06310400
v -0.05027300 -0.02841500 0.06310400
v -0.05384400 -0.02079400 0.06312000
v -0.05384400 -0.02079400 0.06312000
v -0.05384400 -0.02079400 0.06312000
v -0.05384400 -0.02079400 0.06312000
v -0.05384400 -0.02079400 0.06312000
v -0.05384400 -0.02079400 0.06312000
v -0.05384400 -0.02079400 0.06312000
v -0.05749600 -0.00440900 0.06310400
v -0.05749600 -0.00440900 0.06310400
v -0.05749600 -0.00440900 0.06310400
v -0.05749600 -0.00440900 0.06310400
v -0.05749400 0.00400800 0.06312000
v -0.05749400 0.00400800 0.06312000
v -0.05749400 0.00400800 0.06312000
v -0.05749400 0.00400800 0.06312000
v -0.05749400 0.00400800 0.06312000
v -0.05749400 0.00400800 0.06312000
v -0.05749400 0.00400800 0.06312000
v -0.05626900 0.01233400 0.06312000
v -0.05626900 0.01233400 0.06312000
v -0.05626900 0.01233400 0.06312000
v -0.05626900 0.01233400 0.06312000
v -0.05626900 0.01233400 0.06312000
v -0.05626900 0.01233400 0.06312000
v -0.05384600 0.02039400 0.06310400
v -0.05384600 0.02039400 0.06310400
v -0.05384600 0.02039400 0.06310400
v -0.05384600 0.02039400 0.06310400
v -0.05384600 0.02039400 0.06310400
v -0.05384600 0.02039400 0.06310400
v -0.04001200 0.04130100 0.06312000
v -0.04001200 0.04130100 0.06312000
v -0.04001200 0.04130100 0.06312000
v -0.04001200 0.04130100 0.06312000
v -0.04001200 0.04130100 0.06312000
v -0.04001200 0.04130100 0.06312000
v -0.03354300 0.04668400 0.06312000
v -0.03354300 0.04668400 0.06312000
v -0.03354300 0.04668400 0.06312000
v -0.03354300 0.04668400 0.06312000
v -0.03354300 0.04668400 0.06312000
v -0.03354300 0.04668400 0.06312000
v -0.02635900 0.05106800 0.06312000
v -0.02635900 0.05106800 0.06312000
v -0.02635900 0.05106800 0.06312000
v -0.02635900 0.05106800 0.06312000
v -0.02635900 0.05106800 0.06312000
v -0.02635900 0.05106800 0.06312000
v -0.01047100 0.05648900 0.06312000
v -0.01047100 0.05648900 0.06312000
v -0.01047100 0.05648900 0.06312000
v -0.01047100 0.05648900 0.06312000
v -0.01047100 0.05648900 0.06312000
v -0.01047100 0.05648900 0.06312000
v -0.00210500 0.05740900 0.06312000
v -0.00210500 0.05740900 0.06312000
v -0.00210500 0.05740900 0.06312000
v -0.00210500 0.05740900 0.06312000
v -0.00210500 0.05740900 0.06312000
v -0.00210500 0.05740900 0.06312000
v 0.00630500 0.05710200 0.06312000
v 0.00630500 0.05710200 0.06312000
v 0.00630500 0.05710200 0.06312000
v 0.00630500 0.05710200 0.06312000
v 0.00630500 0.05710200 0.06312000
v 0.00630500 0.05710200 0.06312000
v 0.02254600 0.05285600 0.06312000
v 0.02254600 0.05285600 0.06312000
v 0.02254600 0.05285600 0.06312000
v 0.02254600 0.05285600 0.06312000
v 0.02254600 0.05285600 0.06312000
v 0.02254600 0.05285600 0.06312000
v 0.05219900 0.02426900 0.06310300
v 0.05219900 0.02426900 0.06310300
v 0.05219900 0.02426900 0.06310300
v 0.05219900 0.02426900 0.06310300
v 0.05219900 0.02426900 0.06310300
v 0.05520500 0.01640800 0.06310300
v 0.05520500 0.01640800 0.06310300
v 0.05520500 0.01640800 0.06310300
v 0.05520500 0.01640800 0.06310300
v 0.05520500 0.01640800 0.06310300
v 0.05703400 0.00819300 0.06312000
v 0.05703400 0.00819300 0.06312000
v 0.05703400 0.00819300 0.06312000
v 0.05703400 0.00819300 0.06312000
v 0.05703400 0.00819300 0.06312000
v 0.05703400 0.00819300 0.06312000
v 0.05703400 0.00819300 0.06312000
v 0.03687900 -0.04452000 0.06318700
v 0.03687900 -0.04452000 0.06318700
v 0.03687900 -0.04452000 0.06318700
v 0.03687900 -0.04452000 0.06318700
v 0.03687900 -0.04452000 0.06318700
v 0.03687900 -0.04452000 0.06318700
v 0.03003300 -0.04941700 0.06318700
v 0.03003300 -0.04941700 0.06318700
v 0.03003300 -0.04941700 0.06318700
v 0.03003300 -0.04941700 0.06318700
v 0.03003300 -0.04941700 0.06318700
v 0.03003300 -0.04941700 0.06318700
v 0.02254700 -0.05326500 0.06318700
v 0.02254700 -0.05326500 0.06318700
v 0.02254700 -0.05326500 0.06318700
v 0.02254700 -0.05326500 0.06318700
v 0.02254700 -0.05326500 0.06318700
v 0.02254700 -0.05326500 0.06318700
v 0.02254700 -0.05326500 0.06318700
v 0.05522000 -0.01681600 0.06320100
v 0.05522000 -0.01681600 0.06320100
v 0.05522000 -0.01681600 0.06320100
v 0.05522000 -0.01681600 0.06320100
v 0.05522000 -0.01681600 0.06320100
v 0.05522000 -0.01681600 0.06320100
v 0.05522000 -0.01681600 0.06320100
v 0.04809200 -0.03202000 0.06320100
v 0.04809200 -0.03202000 0.06320100
v 0.04809200 -0.03202000 0.06320100
v 0.04809200 -0.03202000 0.06320100
v 0.04809200 -0.03202000 0.06320100
v 0.04809200 -0.03202000 0.06320100
v 0.04809200 -0.03202000 0.06320100
v -0.01047600 -0.05690600 0.06320100
v -0.01047600 -0.05690600 0.06320100
v -0.01047600 -0.05690600 0.06320100
v -0.01047600 -0.05690600 0.06320100
v -0.01047600 -0.05690600 0.06320100
v -0.01047600 -0.05690600 0.06320100
v -0.01047600 -0.05690600 0.06320100
v -0.01861700 0.05437700 0.06320100
v -0.01861700 0.05437700 0.06320100
v -0.01861700 0.05437700 0.06320100
v -0.01861700 0.05437700 0.06320100
v -0.01861700 0.05437700 0.06320100
v -0.01861700 0.05437700 0.06320100
v -0.01861700 0.05437700 0.06320100
v 0.01458800 0.05558900 0.06320100
v 0.01458800 0.05558900 0.06320100
v 0.01458800 0.05558900 0.06320100
v 0.01458800 0.05558900 0.06320100
v 0.01458800 0.05558900 0.06320100
v 0.01458800 0.05558900 0.06320100
v 0.01458800 0.05558900 0.06320100
v 0.03004200 0.04902100 0.06320100
v 0.03004200 0.04902100 0.06320100
v 0.03004200 0.04902100 0.06320100
v 0.03004200 0.04902100 0.06320100
v 0.03004200 0.04902100 0.06320100
v 0.03004200 0.04902100 0.06320100
v 0.03004200 0.04902100 0.06320100
v 0.05706000 -0.00860000 0.06321500
v 0.05706000 -0.00860000 0.06321500
v 0.05706000 -0.00860000 0.06321500
v 0.05706000 -0.00860000 0.06321500
v 0.05706000 -0.00860000 0.06321500
v 0.05706000 -0.00860000 0.06321500
v -0.00210800 -0.05783700 0.06321500
v -0.00210800 -0.05783700 0.06321500
v -0.00210800 -0.05783700 0.06321500
v -0.00210800 -0.05783700 0.06321500
v -0.00210800 -0.05783700 0.06321500
v -0.00210800 -0.05783700 0.06321500
v -0.01862400 -0.05478600 0.06321500
v -0.01862400 -0.05478600 0.06321500
v -0.01862400 -0.05478600 0.06321500
v -0.01862400 -0.05478600 0.06321500
v -0.01862400 -0.05478600 0.06321500
v -0.01862400 -0.05478600 0.06321500
v -0.05029600 -0.02842600 0.06321500
v -0.05029600 -0.02842600 0.06321500
v -0.05029600 -0.02842600 0.06321500
v -0.05029600 -0.02842600 0.06321500
v -0.05029600 -0.02842600 0.06321500
v -0.05029600 -0.02842600 0.06321500
v -0.05029600 -0.02842600 0.06321500
v -0.05629500 -0.01273900 0.06321500
v -0.05629500 -0.01273900 0.06321500
v -0.05629500 -0.01273900 0.06321500
v -0.05629500 -0.01273900 0.06321500
v -0.05629500 -0.01273900 0.06321500
v -0.05629500 -0.01273900 0.06321500
v -0.05752100 -0.00440900 0.06321500
v -0.05752100 -0.00440900 0.06321500
v -0.05752100 -0.00440900 0.06321500
v -0.05752100 -0.00440900 0.06321500
v -0.05752100 -0.00440900 0.06321500
v -0.05752100 -0.00440900 0.06321500
v -0.05752100 -0.00440900 0.06321500
v -0.05386900 0.02040400 0.06321500
v -0.05386900 0.02040400 0.06321500
v -0.05386900 0.02040400 0.06321500
v -0.05386900 0.02040400 0.06321500
v -0.05386900 0.02040400 0.06321500
v -0.05386900 0.02040400 0.06321500
v -0.05029400 0.02802800 0.06321500
v -0.05029400 0.02802800 0.06321500
v -0.05029400 0.02802800 0.06321500
v -0.05029400 0.02802800 0.06321500
v -0.05029400 0.02802800 0.06321500
v -0.05029400 0.02802800 0.06321500
v -0.04564800 0.03505000 0.06321500
v -0.04564800 0.03505000 0.06321500
v -0.04564800 0.03505000 0.06321500
v -0.04564800 0.03505000 0.06321500
v -0.04564800 0.03505000 0.06321500
v -0.04564800 0.03505000 0.06321500
v -0.04564800 0.03505000 0.06321500
v 0.03689400 0.04413000 0.06321500
v 0.03689400 0.04413000 0.06321500
v 0.03689400 0.04413000 0.06321500
v 0.03689400 0.04413000 0.06321500
v 0.03689400 0.04413000 0.06321500
v 0.04295600 0.03828600 0.06321500
v 0.04295600 0.03828600 0.06321500
v 0.04295600 0.03828600 0.06321500
v 0.04295600 0.03828600 0.06321500
v 0.04295600 0.03828600 0.06321500
v 0.04295600 0.03828600 0.06321500
v 0.04810200 0.03162100 0.06321500
v 0.04810200 0.03162100 0.06321500
v 0.04810200 0.03162100 0.06321500
v 0.04810200 0.03162100 0.06321500
v 0.04810200 0.03162100 0.06321500
v 0.04810200 0.03162100 0.06321500
v 0.05222200 0.02427800 0.06321500
v 0.05222200 0.02427800 0.06321500
v 0.05222200 0.02427800 0.06321500
v 0.05222200 0.02427800 0.06321500
v 0.05222200 0.02427800 0.06321500
v 0.05222200 0.02427800 0.06321500
v 0.05523000 0.01641400 0.06321500
v 0.05523000 0.01641400 0.06321500
v 0.05523000 0.01641400 0.06321500
v 0.05523000 0.01641400 0.06321500
v 0.05523000 0.01641400 0.06321500
v 0.05523000 0.01641400 0.06321500
v 0.05523000 0.01641400 0.06321500
v 0.05768500 -0.00020200 0.06322800
v 0.05768500 -0.00020200 0.06322800
v 0.05768500 -0.00020200 0.06322800
v 0.05768500 -0.00020200 0.06322800
v 0.05768500 -0.00020200 0.06322800
v 0.05768500 -0.00020200 0.06322800
v 0.05223000 -0.02468600 0.06322800
v 0.05223000 -0.02468600 0.06322800
v 0.05223000 -0.02468600 0.06322800
v 0.05223000 -0.02468600 0.06322800
v 0.05223000 -0.02468600 0.06322800
v 0.04296100 -0.03869500 0.06322800
v 0.04296100 -0.03869500 0.06322800
v 0.04296100 -0.03869500 0.06322800
v 0.04296100 -0.03869500 0.06322800
v 0.04296100 -0.03869500 0.06322800
v 0.01458900 -0.05601000 0.06322800
v 0.01458900 -0.05601000 0.06322800
v 0.01458900 -0.05601000 0.06322800
v 0.01458900 -0.05601000 0.06322800
v 0.01458900 -0.05601000 0.06322800
v 0.00630800 -0.05753900 0.06322800
v 0.00630800 -0.05753900 0.06322800
v 0.00630800 -0.05753900 0.06322800
v 0.00630800 -0.05753900 0.06322800
v 0.00630800 -0.05753900 0.06322800
v 0.00630800 -0.05753900 0.06322800
v -0.02637700 -0.05150200 0.06322800
v -0.02637700 -0.05150200 0.06322800
v -0.02637700 -0.05150200 0.06322800
v -0.02637700 -0.05150200 0.06322800
v -0.02637700 -0.05150200 0.06322800
v -0.03356500 -0.04711400 0.06322800
v -0.03356500 -0.04711400 0.06322800
v -0.03356500 -0.04711400 0.06322800
v -0.03356500 -0.04711400 0.06322800
v -0.03356500 -0.04711400 0.06322800
v -0.03356500 -0.04711400 0.06322800
v -0.04003800 -0.04172700 0.06322800
v -0.04003800 -0.04172700 0.06322800
v -0.04003800 -0.04172700 0.06322800
v -0.04003800 -0.04172700 0.06322800
v -0.04003800 -0.04172700 0.06322800
v -0.04003800 -0.04172700 0.06322800
v -0.04565800 -0.03545500 0.06322800
v -0.04565800 -0.03545500 0.06322800
v -0.04565800 -0.03545500 0.06322800
v -0.04565800 -0.03545500 0.06322800
v -0.04565800 -0.03545500 0.06322800
v -0.04565800 -0.03545500 0.06322800
v -0.05387900 -0.02080600 0.06322800
v -0.05387900 -0.02080600 0.06322800
v -0.05387900 -0.02080600 0.06322800
v -0.05387900 -0.02080600 0.06322800
v -0.05387900 -0.02080600 0.06322800
v -0.05753100 0.00401100 0.06322800
v -0.05753100 0.00401100 0.06322800
v -0.05753100 0.00401100 0.06322800
v -0.05753100 0.00401100 0.06322800
v -0.05753100 0.00401100 0.06322800
v -0.05630500 0.01234300 0.06322800
v -0.05630500 0.01234300 0.06322800
v -0.05630500 0.01234300 0.06322800
v -0.05630500 0.01234300 0.06322800
v -0.05630500 0.01234300 0.06322800
v -0.05630500 0.01234300 0.06322800
v -0.04003700 0.04132800 0.06322800
v -0.04003700 0.04132800 0.06322800
v -0.04003700 0.04132800 0.06322800
v -0.04003700 0.04132800 0.06322800
v -0.04003700 0.04132800 0.06322800
v -0.03356400 0.04671500 0.06322800
v -0.03356400 0.04671500 0.06322800
v -0.03356400 0.04671500 0.06322800
v -0.03356400 0.04671500 0.06322800
v -0.03356400 0.04671500 0.06322800
v -0.03356400 0.04671500 0.06322800
v -0.02637500 0.05110200 0.06322800
v -0.02637500 0.05110200 0.06322800
v -0.02637500 0.05110200 0.06322800
v -0.02637500 0.05110200 0.06322800
v -0.02637500 0.05110200 0.06322800
v -0.02637500 0.05110200 0.06322800
v -0.01047700 0.05652500 0.06322800
v -0.01047700 0.05652500 0.06322800
v -0.01047700 0.05652500 0.06322800
v -0.01047700 0.05652500 0.06322800
v -0.01047700 0.05652500 0.06322800
v -0.00210600 0.05744600 0.06322800
v -0.00210600 0.05744600 0.06322800
v -0.00210600 0.05744600 0.06322800
v -0.00210600 0.05744600 0.06322800
v -0.00210600 0.05744600 0.06322800
v -0.00210600 0.05744600 0.06322800
v 0.00631000 0.05713800 0.06322800
v 0.00631000 0.05713800 0.06322800
v 0.00631000 0.05713800 0.06322800
v 0.00631000 0.05713800 0.06322800
v 0.00631000 0.05713800 0.06322800
v 0.00631000 0.05713800 0.06322800
v 0.02256200 0.05288900 0.06322800
v 0.02256200 0.05288900 0.06322800
v 0.02256200 0.05288900 0.06322800
v 0.02256200 0.05288900 0.06322800
v 0.02256200 0.05288900 0.06322800
v 0.05707000 0.00819700 0.06322800
v 0.05707000 0.00819700 0.06322800
v 0.05707000 0.00819700 0.06322800
v 0.05707000 0.00819700 0.06322800
v 0.05707000 0.00819700 0.06322800
v 0.05777300 -0.00021700 0.06330200
v 0.05777300 -0.00021700 0.06330200
v 0.05777300 -0.00021700 0.06330200
v 0.05777300 -0.00021700 0.06330200
v 0.05777300 -0.00021700 0.06330200
v 0.05777300 -0.00021700 0.06330200
v 0.05715500 -0.00862900 0.06330200
v 0.05715500 -0.00862900 0.06330200
v 0.05715500 -0.00862900 0.06330200
v 0.05715500 -0.00862900 0.06330200
v 0.05715500 -0.00862900 0.06330200
v 0.05715500 -0.00862900 0.06330200
v 0.05531900 -0.01686100 0.06330200
v 0.05531900 -0.01686100 0.06330200
v 0.05531900 -0.01686100 0.06330200
v 0.05531900 -0.01686100 0.06330200
v 0.05531900 -0.01686100 0.06330200
v 0.05531900 -0.01686100 0.06330200
v 0.05230300 -0.02473800 0.06330200
v 0.05230300 -0.02473800 0.06330200
v 0.05230300 -0.02473800 0.06330200
v 0.05230300 -0.02473800 0.06330200
v 0.05230300 -0.02473800 0.06330200
v 0.05230300 -0.02473800 0.06330200
v 0.04817300 -0.03209200 0.06330200
v 0.04817300 -0.03209200 0.06330200
v 0.04817300 -0.03209200 0.06330200
v 0.04817300 -0.03209200 0.06330200
v 0.04817300 -0.03209200 0.06330200
v 0.04817300 -0.03209200 0.06330200
v 0.04301700 -0.03876600 0.06330200
v 0.04301700 -0.03876600 0.06330200
v 0.04301700 -0.03876600 0.06330200
v 0.04301700 -0.03876600 0.06330200
v 0.04301700 -0.03876600 0.06330200
v 0.04301700 -0.03876600 0.06330200
v 0.03694300 -0.04461800 0.06330200
v 0.03694300 -0.04461800 0.06330200
v 0.03694300 -0.04461800 0.06330200
v 0.03694300 -0.04461800 0.06330200
v 0.03694300 -0.04461800 0.06330200
v 0.03694300 -0.04461800 0.06330200
v 0.03008200 -0.04952400 0.06330200
v 0.03008200 -0.04952400 0.06330200
v 0.03008200 -0.04952400 0.06330200
v 0.03008200 -0.04952400 0.06330200
v 0.03008200 -0.04952400 0.06330200
v 0.03008200 -0.04952400 0.06330200
v 0.02258000 -0.05337800 0.06330200
v 0.02258000 -0.05337800 0.06330200
v 0.02258000 -0.05337800 0.06330200
v 0.02258000 -0.05337800 0.06330200
v 0.02258000 -0.05337800 0.06330200
v 0.02258000 -0.05337800 0.06330200
v 0.01459700 -0.05609900 0.06330200
v 0.01459700 -0.05609900 0.06330200
v 0.01459700 -0.05609900 0.06330200
v 0.01459700 -0.05609900 0.06330200
v 0.01459700 -0.05609900 0.06330200
v 0.01459700 -0.05609900 0.06330200
v 0.00630200 -0.05762900 0.06330200
v 0.00630200 -0.05762900 0.06330200
v 0.00630200 -0.05762900 0.06330200
v 0.00630200 -0.05762900 0.06330200
v 0.00630200 -0.05762900 0.06330200
v 0.00630200 -0.05762900 0.06330200
v -0.00212600 -0.05793400 0.06330200
v -0.00212600 -0.05793400 0.06330200
v -0.00212600 -0.05793400 0.06330200
v -0.00212600 -0.05793400 0.06330200
v -0.00212600 -0.05793400 0.06330200
v -0.00212600 -0.05793400 0.06330200
v -0.01051000 -0.05700900 0.06330200
v -0.01051000 -0.05700900 0.06330200
v -0.01051000 -0.05700900 0.06330200
v -0.01051000 -0.05700900 0.06330200
v -0.01051000 -0.05700900 0.06330200
v -0.01051000 -0.05700900 0.06330200
v -0.01866900 -0.05487400 0.06330200
v -0.01866900 -0.05487400 0.06330200
v -0.01866900 -0.05487400 0.06330200
v -0.01866900 -0.05487400 0.06330200
v -0.01866900 -0.05487400 0.06330200
v -0.01866900 -0.05487400 0.06330200
v -0.02643100 -0.05157300 0.06330200
v -0.02643100 -0.05157300 0.06330200
v -0.02643100 -0.05157300 0.06330200
v -0.02643100 -0.05157300 0.06330200
v -0.02643100 -0.05157300 0.06330200
v -0.02643100 -0.05157300 0.06330200
v -0.03362900 -0.04717700 0.06330200
v -0.03362900 -0.04717700 0.06330200
v -0.03362900 -0.04717700 0.06330200
v -0.03362900 -0.04717700 0.06330200
v -0.03362900 -0.04717700 0.06330200
v -0.03362900 -0.04717700 0.06330200
v -0.04011100 -0.04178000 0.06330200
v -0.04011100 -0.04178000 0.06330200
v -0.04011100 -0.04178000 0.06330200
v -0.04011100 -0.04178000 0.06330200
v -0.04011100 -0.04178000 0.06330200
v -0.04011100 -0.04178000 0.06330200
v -0.04573700 -0.03549700 0.06330200
v -0.04573700 -0.03549700 0.06330200
v -0.04573700 -0.03549700 0.06330200
v -0.04573700 -0.03549700 0.06330200
v -0.04573700 -0.03549700 0.06330200
v -0.04573700 -0.03549700 0.06330200
v -0.05038900 -0.02846100 0.06330200
v -0.05038900 -0.02846100 0.06330200
v -0.05038900 -0.02846100 0.06330200
v -0.05038900 -0.02846100 0.06330200
v -0.05038900 -0.02846100 0.06330200
v -0.05038900 -0.02846100 0.06330200
v -0.05396700 -0.02082300 0.06330200
v -0.05396700 -0.02082300 0.06330200
v -0.05396700 -0.02082300 0.06330200
v -0.05396700 -0.02082300 0.06330200
v -0.05396700 -0.02082300 0.06330200
v -0.05396700 -0.02082300 0.06330200
v -0.05639400 -0.01274600 0.06330200
v -0.05639400 -0.01274600 0.06330200
v -0.05639400 -0.01274600 0.06330200
v -0.05639400 -0.01274600 0.06330200
v -0.05639400 -0.01274600 0.06330200
v -0.05639400 -0.01274600 0.06330200
v -0.05762000 -0.00440100 0.06330200
v -0.05762000 -0.00440100 0.06330200
v -0.05762000 -0.00440100 0.06330200
v -0.05762000 -0.00440100 0.06330200
v -0.05762000 -0.00440100 0.06330200
v -0.05762000 -0.00440100 0.06330200
v -0.05761800 0.00403300 0.06330200
v -0.05761800 0.00403300 0.06330200
v -0.05761800 0.00403300 0.06330200
v -0.05761800 0.00403300 0.06330200
v -0.05761800 0.00403300 0.06330200
v -0.05761800 0.00403300 0.06330200
v -0.05638700 0.01237700 0.06330200
v -0.05638700 0.01237700 0.06330200
v -0.05638700 0.01237700 0.06330200
v -0.05638700 0.01237700 0.06330200
v -0.05638700 0.01237700 0.06330200
v -0.05638700 0.01237700 0.06330200
v -0.05395500 0.02045300 0.06330200
v -0.05395500 0.02045300 0.06330200
v -0.05395500 0.02045300 0.06330200
v -0.05395500 0.02045300 0.06330200
v -0.05395500 0.02045300 0.06330200
v -0.05395500 0.02045300 0.06330200
v -0.05037300 0.02808900 0.06330200
v -0.05037300 0.02808900 0.06330200
v -0.05037300 0.02808900 0.06330200
v -0.05037300 0.02808900 0.06330200
v -0.05037300 0.02808900 0.06330200
v -0.05037300 0.02808900 0.06330200
v -0.04571700 0.03512200 0.06330200
v -0.04571700 0.03512200 0.06330200
v -0.04571700 0.03512200 0.06330200
v -0.04571700 0.03512200 0.06330200
v -0.04571700 0.03512200 0.06330200
v -0.04571700 0.03512200 0.06330200
v -0.04008700 0.04140200 0.06330200
v -0.04008700 0.04140200 0.06330200
v -0.04008700 0.04140200 0.06330200
v -0.04008700 0.04140200 0.06330200
v -0.04008700 0.04140200 0.06330200
v -0.04008700 0.04140200 0.06330200
v -0.03360200 0.04679500 0.06330200
v -0.03360200 0.04679500 0.06330200
v -0.03360200 0.04679500 0.06330200
v -0.03360200 0.04679500 0.06330200
v -0.03360200 0.04679500 0.06330200
v -0.03360200 0.04679500 0.06330200
v -0.02640200 0.05118700 0.06330200
v -0.02640200 0.05118700 0.06330200
v -0.02640200 0.05118700 0.06330200
v -0.02640200 0.05118700 0.06330200
v -0.02640200 0.05118700 0.06330200
v -0.02640200 0.05118700 0.06330200
v -0.01863800 0.05448400 0.06330200
v -0.01863800 0.05448400 0.06330200
v -0.01863800 0.05448400 0.06330200
v -0.01863800 0.05448400 0.06330200
v -0.01863800 0.05448400 0.06330200
v -0.01863800 0.05448400 0.06330200
v -0.01047700 0.05661500 0.06330200
v -0.01047700 0.05661500 0.06330200
v -0.01047700 0.05661500 0.06330200
v -0.01047700 0.05661500 0.06330200
v -0.01047700 0.05661500 0.06330200
v -0.01047700 0.05661500 0.06330200
v -0.00209300 0.05753500 0.06330200
v -0.00209300 0.05753500 0.06330200
v -0.00209300 0.05753500 0.06330200
v -0.00209300 0.05753500 0.06330200
v -0.00209300 0.05753500 0.06330200
v -0.00209300 0.05753500 0.06330200
v 0.00633500 0.05722400 0.06330200
v 0.00633500 0.05722400 0.06330200
v 0.00633500 0.05722400 0.06330200
v 0.00633500 0.05722400 0.06330200
v 0.00633500 0.05722400 0.06330200
v 0.00633500 0.05722400 0.06330200
v 0.01462900 0.05569000 0.06330200
v 0.01462900 0.05569000 0.06330200
v 0.01462900 0.05569000 0.06330200
v 0.01462900 0.05569000 0.06330200
v 0.01462900 0.05569000 0.06330200
v 0.01462900 0.05569000 0.06330200
v 0.02261100 0.05296400 0.06330200
v 0.02261100 0.05296400 0.06330200
v 0.02261100 0.05296400 0.06330200
v 0.02261100 0.05296400 0.06330200
v 0.02261100 0.05296400 0.06330200
v 0.02261100 0.05296400 0.06330200
v 0.03011000 0.04910600 0.06330200
v 0.03011000 0.04910600 0.06330200
v 0.03011000 0.04910600 0.06330200
v 0.03011000 0.04910600 0.06330200
v 0.03011000 0.04910600 0.06330200
v 0.03011000 0.04910600 0.06330200
v 0.03696900 0.04419600 0.06330200
v 0.03696900 0.04419600 0.06330200
v 0.03696900 0.04419600 0.06330200
v 0.03696900 0.04419600 0.06330200
v 0.03696900 0.04419600 0.06330200
v 0.03696900 0.04419600 0.06330200
v 0.04303900 0.03834000 0.06330200
v 0.04303900 0.03834000 0.06330200
v 0.04303900 0.03834000 0.06330200
v 0.04303900 0.03834000 0.06330200
v 0.04303900 0.03834000 0.06330200
v 0.04303900 0.03834000 0.06330200
v 0.04819200 0.03166300 0.06330200
v 0.04819200 0.03166300 0.06330200
v 0.04819200 0.03166300 0.06330200
v 0.04819200 0.03166300 0.06330200
v 0.04819200 0.03166300 0.06330200
v 0.04819200 0.03166300 0.06330200
v 0.05231800 0.02430700 0.06330200
v 0.05231800 0.02430700 0.06330200
v 0.05231800 0.02430700 0.06330200
v 0.05231800 0.02430700 0.06330200
v 0.05231800 0.02430700 0.06330200
v 0.05231800 0.02430700 0.06330200
v 0.05532800 0.01642800 0.06330200
v 0.05532800 0.01642800 0.06330200
v 0.05532800 0.01642800 0.06330200
v 0.05532800 0.01642800 0.06330200
v 0.05532800 0.01642800 0.06330200
v 0.05532800 0.01642800 0.06330200
v 0.05716000 0.00819500 0.06330200
v 0.05716000 0.00819500 0.06330200
v 0.05716000 0.00819500 0.06330200
v 0.05716000 0.00819500 0.06330200
v 0.05716000 0.00819500 0.06330200
v 0.05716000 0.00819500 0.06330200
v 0.05730800 0.00824700 0.06332600
v 0.05730800 0.00824700 0.06332600
v 0.05730800 0.00824700 0.06332600
v 0.05730800 0.00824700 0.06332600
v 0.05730800 0.00824700 0.06332600
v 0.05730800 0.00824700 0.06332600
v 0.05546700 0.01650100 0.06332600
v 0.05546700 0.01650100 0.06332600
v 0.05546700 0.01650100 0.06332600
v 0.05546700 0.01650100 0.06332600
v 0.05546700 0.01650100 0.06332600
v 0.05546700 0.01650100 0.06332600
v 0.05244400 0.02439900 0.06332600
v 0.05244400 0.02439900 0.06332600
v 0.05244400 0.02439900 0.06332600
v 0.05244400 0.02439900 0.06332600
v 0.05244400 0.02439900 0.06332600
v 0.05244400 0.02439900 0.06332600
v 0.04830400 0.03177300 0.06332600
v 0.04830400 0.03177300 0.06332600
v 0.04830400 0.03177300 0.06332600
v 0.04830400 0.03177300 0.06332600
v 0.04830400 0.03177300 0.06332600
v 0.04830400 0.03177300 0.06332600
v 0.04313400 0.03846500 0.06332600
v 0.04313400 0.03846500 0.06332600
v 0.04313400 0.03846500 0.06332600
v 0.04313400 0.03846500 0.06332600
v 0.04313400 0.03846500 0.06332600
v 0.04313400 0.03846500 0.06332600
v 0.00632200 0.05738100 0.06332600
v 0.00632200 0.05738100 0.06332600
v 0.00632200 0.05738100 0.06332600
v 0.00632200 0.05738100 0.06332600
v 0.00632200 0.05738100 0.06332600
v 0.00632200 0.05738100 0.06332600
v 0.00632200 0.05738100 0.06332600
v -0.00212900 0.05768700 0.06332600
v -0.00212900 0.05768700 0.06332600
v -0.00212900 0.05768700 0.06332600
v -0.00212900 0.05768700 0.06332600
v -0.00212900 0.05768700 0.06332600
v -0.00212900 0.05768700 0.06332600
v -0.04021500 0.04149200 0.06332600
v -0.04021500 0.04149200 0.06332600
v -0.04021500 0.04149200 0.06332600
v -0.04021500 0.04149200 0.06332600
v -0.04021500 0.04149200 0.06332600
v -0.04021500 0.04149200 0.06332600
v -0.04585700 0.03519200 0.06332600
v -0.04585700 0.03519200 0.06332600
v -0.04585700 0.03519200 0.06332600
v -0.04585700 0.03519200 0.06332600
v -0.04585700 0.03519200 0.06332600
v -0.04585700 0.03519200 0.06332600
v -0.05653800 -0.01280900 0.06332600
v -0.05653800 -0.01280900 0.06332600
v -0.05653800 -0.01280900 0.06332600
v -0.05653800 -0.01280900 0.06332600
v -0.05653800 -0.01280900 0.06332600
v -0.05653800 -0.01280900 0.06332600
v -0.05410000 -0.02090600 0.06332600
v -0.05410000 -0.02090600 0.06332600
v -0.05410000 -0.02090600 0.06332600
v -0.05410000 -0.02090600 0.06332600
v -0.05410000 -0.02090600 0.06332600
v -0.05410000 -0.02090600 0.06332600
v -0.05050900 -0.02856300 0.06332600
v -0.05050900 -0.02856300 0.06332600
v -0.05050900 -0.02856300 0.06332600
v -0.05050900 -0.02856300 0.06332600
v -0.05050900 -0.02856300 0.06332600
v -0.05050900 -0.02856300 0.06332600
v -0.04581800 -0.03559300 0.06331800
v -0.04581800 -0.03559300 0.06331800
v -0.04581800 -0.03559300 0.06331800
v -0.04581800 -0.03559300 0.06331800
v -0.04581800 -0.03559300 0.06331800
v -0.02647500 -0.05172400 0.06332600
v -0.02647500 -0.05172400 0.06332600
v -0.02647500 -0.05172400 0.06332600
v -0.02647500 -0.05172400 0.06332600
v -0.02647500 -0.05172400 0.06332600
v -0.02647500 -0.05172400 0.06332600
v -0.01869100 -0.05502900 0.06332600
v -0.01869100 -0.05502900 0.06332600
v -0.01869100 -0.05502900 0.06332600
v -0.01869100 -0.05502900 0.06332600
v -0.01869100 -0.05502900 0.06332600
v -0.01869100 -0.05502900 0.06332600
v -0.01050600 -0.05713500 0.06331800
v -0.01050600 -0.05713500 0.06331800
v -0.01050600 -0.05713500 0.06331800
v -0.01050600 -0.05713500 0.06331800
v -0.01050600 -0.05713500 0.06331800
v 0.02266800 -0.05350800 0.06332600
v 0.02266800 -0.05350800 0.06332600
v 0.02266800 -0.05350800 0.06332600
v 0.02266800 -0.05350800 0.06332600
v 0.02266800 -0.05350800 0.06332600
v 0.02266800 -0.05350800 0.06332600
v 0.02266800 -0.05350800 0.06332600
v 0.03018800 -0.04964000 0.06332600
v 0.03018800 -0.04964000 0.06332600
v 0.03018800 -0.04964000 0.06332600
v 0.03018800 -0.04964000 0.06332600
v 0.03018800 -0.04964000 0.06332600
v 0.03018800 -0.04964000 0.06332600
v 0.03706500 -0.04471700 0.06332600
v 0.03706500 -0.04471700 0.06332600
v 0.03706500 -0.04471700 0.06332600
v 0.03706500 -0.04471700 0.06332600
v 0.03706500 -0.04471700 0.06332600
v 0.03706500 -0.04471700 0.06332600
v 0.05547500 -0.01687600 0.06332600
v 0.05547500 -0.01687600 0.06332600
v 0.05547500 -0.01687600 0.06332600
v 0.05547500 -0.01687600 0.06332600
v 0.05547500 -0.01687600 0.06332600
v 0.05547500 -0.01687600 0.06332600
v 0.05728000 -0.00862000 0.06331800
v 0.05728000 -0.00862000 0.06331800
v 0.05728000 -0.00862000 0.06331800
v 0.05728000 -0.00862000 0.06331800
v 0.05728000 -0.00862000 0.06331800
v -0.05784200 0.00403000 0.06342100
v -0.05784200 0.00403000 0.06342100
v -0.05784200 0.00403000 0.06342100
v -0.05784200 0.00403000 0.06342100
v -0.05784200 0.00403000 0.06342100
v -0.05411000 0.02048000 0.06332600
v -0.05411000 0.02048000 0.06332600
v -0.05411000 0.02048000 0.06332600
v -0.05411000 0.02048000 0.06332600
v -0.05411000 0.02048000 0.06332600
v -0.05411000 0.02048000 0.06332600
v -0.05052200 0.02813800 0.06332600
v -0.05052200 0.02813800 0.06332600
v -0.05052200 0.02813800 0.06332600
v -0.05052200 0.02813800 0.06332600
v -0.05052200 0.02813800 0.06332600
v -0.05052200 0.02813800 0.06332600
v -0.05654400 0.01238100 0.06332600
v -0.05654400 0.01238100 0.06332600
v -0.05654400 0.01238100 0.06332600
v -0.05654400 0.01238100 0.06332600
v -0.05654400 0.01238100 0.06332600
v -0.05654400 0.01238100 0.06332600
v -0.01872900 0.05468900 0.06342100
v -0.01872900 0.05468900 0.06342100
v -0.01872900 0.05468900 0.06342100
v -0.01872900 0.05468900 0.06342100
v -0.01872900 0.05468900 0.06342100
v -0.01872900 0.05468900 0.06342100
v -0.01053500 0.05676100 0.06332600
v -0.01053500 0.05676100 0.06332600
v -0.01053500 0.05676100 0.06332600
v -0.01053500 0.05676100 0.06332600
v -0.01053500 0.05676100 0.06332600
v -0.01053500 0.05676100 0.06332600
v -0.01871600 0.05462000 0.06332600
v -0.01871600 0.05462000 0.06332600
v -0.01871600 0.05462000 0.06332600
v -0.01871600 0.05462000 0.06332600
v -0.01871600 0.05462000 0.06332600
v -0.01871600 0.05462000 0.06332600
v 0.03019700 0.04930700 0.06338900
v 0.03019700 0.04930700 0.06338900
v 0.03019700 0.04930700 0.06338900
v 0.03019700 0.04930700 0.06338900
v 0.03019700 0.04930700 0.06338900
v 0.03019700 0.04930700 0.06338900
v 0.03704400 0.04433400 0.06332600
v 0.03704400 0.04433400 0.06332600
v 0.03704400 0.04433400 0.06332600
v 0.03704400 0.04433400 0.06332600
v 0.03704400 0.04433400 0.06332600
v 0.03704400 0.04433400 0.06332600
v 0.03015100 0.04922400 0.06331800
v 0.03015100 0.04922400 0.06331800
v 0.03015100 0.04922400 0.06331800
v 0.03015100 0.04922400 0.06331800
v 0.03015100 0.04922400 0.06331800
v 0.03015100 0.04922400 0.06331800
v 0.04837100 -0.03219900 0.06342100
v 0.04837100 -0.03219900 0.06342100
v 0.04837100 -0.03219900 0.06342100
v 0.04837100 -0.03219900 0.06342100
v 0.04837100 -0.03219900 0.06342100
v 0.04837100 -0.03219900 0.06342100
v 0.04315100 -0.03884600 0.06332600
v 0.04315100 -0.03884600 0.06332600
v 0.04315100 -0.03884600 0.06332600
v 0.04315100 -0.03884600 0.06332600
v 0.04315100 -0.03884600 0.06332600
v 0.04315100 -0.03884600 0.06332600
v 0.04831800 -0.03215200 0.06332600
v 0.04831800 -0.03215200 0.06332600
v 0.04831800 -0.03215200 0.06332600
v 0.04831800 -0.03215200 0.06332600
v 0.04831800 -0.03215200 0.06332600
v 0.04831800 -0.03215200 0.06332600
v 0.00634300 -0.05784900 0.06341900
v 0.00634300 -0.05784900 0.06341900
v 0.00634300 -0.05784900 0.06341900
v 0.00634300 -0.05784900 0.06341900
v 0.00634300 -0.05784900 0.06341900
v -0.00210200 -0.05808900 0.06332600
v -0.00210200 -0.05808900 0.06332600
v -0.00210200 -0.05808900 0.06332600
v -0.00210200 -0.05808900 0.06332600
v -0.00210200 -0.05808900 0.06332600
v -0.00210200 -0.05808900 0.06332600
v -0.00210200 -0.05808900 0.06332600
v 0.00634900 -0.05777900 0.06332600
v 0.00634900 -0.05777900 0.06332600
v 0.00634900 -0.05777900 0.06332600
v 0.00634900 -0.05777900 0.06332600
v 0.00634900 -0.05777900 0.06332600
v 0.00634900 -0.05777900 0.06332600
v -0.04025400 -0.04195200 0.06341900
v -0.04025400 -0.04195200 0.06341900
v -0.04025400 -0.04195200 0.06341900
v -0.04025400 -0.04195200 0.06341900
v -0.04025400 -0.04195200 0.06341900
v -0.04589000 -0.03565400 0.06338900
v -0.04589000 -0.03565400 0.06338900
v -0.04589000 -0.03565400 0.06338900
v -0.04589000 -0.03565400 0.06338900
v -0.04589000 -0.03565400 0.06338900
v -0.04589000 -0.03565400 0.06338900
v -0.04589000 -0.03565400 0.06338900
v -0.04019600 -0.04191200 0.06332600
v -0.04019600 -0.04191200 0.06332600
v -0.04019600 -0.04191200 0.06332600
v -0.04019600 -0.04191200 0.06332600
v -0.04019600 -0.04191200 0.06332600
v -0.04019600 -0.04191200 0.06332600
v -0.04019600 -0.04191200 0.06332600
v -0.05777400 0.00401500 0.06332600
v -0.05777400 0.00401500 0.06332600
v -0.05777400 0.00401500 0.06332600
v -0.05777400 0.00401500 0.06332600
v -0.05777400 0.00401500 0.06332600
v -0.05777400 0.00401500 0.06332600
v -0.02651800 0.05137800 0.06341900
v -0.02651800 0.05137800 0.06341900
v -0.02651800 0.05137800 0.06341900
v -0.02651800 0.05137800 0.06341900
v -0.02651800 0.05137800 0.06341900
v -0.02651800 0.05137800 0.06341900
v -0.02649900 0.05131000 0.06332600
v -0.02649900 0.05131000 0.06332600
v -0.02649900 0.05131000 0.06332600
v -0.02649900 0.05131000 0.06332600
v -0.02649900 0.05131000 0.06332600
v -0.02649900 0.05131000 0.06332600
v 0.02266700 0.05317600 0.06338900
v 0.02266700 0.05317600 0.06338900
v 0.02266700 0.05317600 0.06338900
v 0.02266700 0.05317600 0.06338900
v 0.02266700 0.05317600 0.06338900
v 0.02266700 0.05317600 0.06338900
v 0.02263400 0.05308800 0.06331800
v 0.02263400 0.05308800 0.06331800
v 0.02263400 0.05308800 0.06331800
v 0.02263400 0.05308800 0.06331800
v 0.02263400 0.05308800 0.06331800
v 0.02263400 0.05308800 0.06331800
v 0.05251400 -0.02481500 0.06342100
v 0.05251400 -0.02481500 0.06342100
v 0.05251400 -0.02481500 0.06342100
v 0.05251400 -0.02481500 0.06342100
v 0.05251400 -0.02481500 0.06342100
v 0.05251400 -0.02481500 0.06342100
v 0.05245600 -0.02477600 0.06332600
v 0.05245600 -0.02477600 0.06332600
v 0.05245600 -0.02477600 0.06332600
v 0.05245600 -0.02477600 0.06332600
v 0.05245600 -0.02477600 0.06332600
v 0.05245600 -0.02477600 0.06332600
v 0.01465500 -0.05630900 0.06338900
v 0.01465500 -0.05630900 0.06338900
v 0.01465500 -0.05630900 0.06338900
v 0.01465500 -0.05630900 0.06338900
v 0.01465500 -0.05630900 0.06338900
v 0.01465500 -0.05630900 0.06338900
v 0.01465500 -0.05630900 0.06338900
v 0.01465500 -0.05630900 0.06338900
v 0.01465400 -0.05621100 0.06331800
v 0.01465400 -0.05621100 0.06331800
v 0.01465400 -0.05621100 0.06331800
v 0.01465400 -0.05621100 0.06331800
v 0.01465400 -0.05621100 0.06331800
v -0.03374900 -0.04736700 0.06342100
v -0.03374900 -0.04736700 0.06342100
v -0.03374900 -0.04736700 0.06342100
v -0.03374900 -0.04736700 0.06342100
v -0.03374900 -0.04736700 0.06342100
v -0.03374900 -0.04736700 0.06342100
v -0.03369400 -0.04732000 0.06332600
v -0.03369400 -0.04732000 0.06332600
v -0.03369400 -0.04732000 0.06332600
v -0.03369400 -0.04732000 0.06332600
v -0.03369400 -0.04732000 0.06332600
v -0.03369400 -0.04732000 0.06332600
v -0.05784100 -0.00443400 0.06341900
v -0.05784100 -0.00443400 0.06341900
v -0.05784100 -0.00443400 0.06341900
v -0.05784100 -0.00443400 0.06341900
v -0.05784100 -0.00443400 0.06341900
v -0.05777200 -0.00444200 0.06332600
v -0.05777200 -0.00444200 0.06332600
v -0.05777200 -0.00444200 0.06332600
v -0.05777200 -0.00444200 0.06332600
v -0.05777200 -0.00444200 0.06332600
v -0.05777200 -0.00444200 0.06332600
v -0.05417100 0.02051500 0.06342100
v -0.05417100 0.02051500 0.06342100
v -0.05417100 0.02051500 0.06342100
v -0.05417100 0.02051500 0.06342100
v -0.05417100 0.02051500 0.06342100
v -0.05417100 0.02051500 0.06342100
v -0.05057400 0.02818700 0.06342100
v -0.05057400 0.02818700 0.06342100
v -0.05057400 0.02818700 0.06342100
v -0.05057400 0.02818700 0.06342100
v -0.05057400 0.02818700 0.06342100
v -0.05057400 0.02818700 0.06342100
v -0.03374300 0.04697000 0.06342100
v -0.03374300 0.04697000 0.06342100
v -0.03374300 0.04697000 0.06342100
v -0.03374300 0.04697000 0.06342100
v -0.03374300 0.04697000 0.06342100
v -0.03371600 0.04690300 0.06332600
v -0.03371600 0.04690300 0.06332600
v -0.03371600 0.04690300 0.06332600
v -0.03371600 0.04690300 0.06332600
v -0.03371600 0.04690300 0.06332600
v -0.03371600 0.04690300 0.06332600
v -0.01053100 0.05683200 0.06342100
v -0.01053100 0.05683200 0.06342100
v -0.01053100 0.05683200 0.06342100
v -0.01053100 0.05683200 0.06342100
v -0.01053100 0.05683200 0.06342100
v -0.01053100 0.05683200 0.06342100
v 0.01466500 0.05590300 0.06338600
v 0.01466500 0.05590300 0.06338600
v 0.01466500 0.05590300 0.06338600
v 0.01466500 0.05590300 0.06338600
v 0.01466500 0.05590300 0.06338600
v 0.01466500 0.05590300 0.06338600
v 0.01466500 0.05590300 0.06338600
v 0.01463400 0.05581500 0.06331800
v 0.01463400 0.05581500 0.06331800
v 0.01463400 0.05581500 0.06331800
v 0.01463400 0.05581500 0.06331800
v 0.01463400 0.05581500 0.06331800
v 0.03710200 0.04437600 0.06342100
v 0.03710200 0.04437600 0.06342100
v 0.03710200 0.04437600 0.06342100
v 0.03710200 0.04437600 0.06342100
v 0.03710200 0.04437600 0.06342100
v 0.03710200 0.04437600 0.06342100
v 0.05737100 -0.00865700 0.06338900
v 0.05737100 -0.00865700 0.06338900
v 0.05737100 -0.00865700 0.06338900
v 0.05737100 -0.00865700 0.06338900
v 0.05737100 -0.00865700 0.06338900
v 0.05737100 -0.00865700 0.06338900
v 0.05737100 -0.00865700 0.06338900
v 0.05553700 -0.01690900 0.06341900
v 0.05553700 -0.01690900 0.06341900
v 0.05553700 -0.01690900 0.06341900
v 0.05553700 -0.01690900 0.06341900
v 0.05553700 -0.01690900 0.06341900
v 0.05553700 -0.01690900 0.06341900
v 0.04319600 -0.03890100 0.06342100
v 0.04319600 -0.03890100 0.06342100
v 0.04319600 -0.03890100 0.06342100
v 0.04319600 -0.03890100 0.06342100
v 0.04319600 -0.03890100 0.06342100
v 0.04319600 -0.03890100 0.06342100
v 0.03021000 -0.04970800 0.06342100
v 0.03021000 -0.04970800 0.06342100
v 0.03021000 -0.04970800 0.06342100
v 0.03021000 -0.04970800 0.06342100
v 0.03021000 -0.04970800 0.06342100
v 0.03021000 -0.04970800 0.06342100
v 0.02268000 -0.05357900 0.06342100
v 0.02268000 -0.05357900 0.06342100
v 0.02268000 -0.05357900 0.06342100
v 0.02268000 -0.05357900 0.06342100
v -0.00211500 -0.05815900 0.06342100
v -0.00211500 -0.05815900 0.06342100
v -0.00211500 -0.05815900 0.06342100
v -0.00211500 -0.05815900 0.06342100
v -0.01872900 -0.05509000 0.06342100
v -0.01872900 -0.05509000 0.06342100
v -0.01872900 -0.05509000 0.06342100
v -0.01872900 -0.05509000 0.06342100
v -0.01872900 -0.05509000 0.06342100
v -0.01872900 -0.05509000 0.06342100
v -0.02652200 -0.05177800 0.06342100
v -0.02652200 -0.05177800 0.06342100
v -0.02652200 -0.05177800 0.06342100
v -0.02652200 -0.05177800 0.06342100
v -0.02652200 -0.05177800 0.06342100
v -0.05417100 -0.02091500 0.06342100
v -0.05417100 -0.02091500 0.06342100
v -0.05417100 -0.02091500 0.06342100
v -0.05417100 -0.02091500 0.06342100
v -0.05417100 -0.02091500 0.06342100
v -0.05417100 -0.02091500 0.06342100
v -0.05661000 -0.01280700 0.06342100
v -0.05661000 -0.01280700 0.06342100
v -0.05661000 -0.01280700 0.06342100
v -0.05661000 -0.01280700 0.06342100
v -0.05661000 -0.01280700 0.06342100
v -0.05661000 -0.01280700 0.06342100
v -0.05661000 -0.01280700 0.06342100
v -0.05661000 0.01240700 0.06342100
v -0.05661000 0.01240700 0.06342100
v -0.05661000 0.01240700 0.06342100
v -0.05661000 0.01240700 0.06342100
v -0.05661000 0.01240700 0.06342100
v -0.05661000 0.01240700 0.06342100
v -0.04590400 0.03524500 0.06341900
v -0.04590400 0.03524500 0.06341900
v -0.04590400 0.03524500 0.06341900
v -0.04590400 0.03524500 0.06341900
v -0.04590400 0.03524500 0.06341900
v -0.04590400 0.03524500 0.06341900
v -0.04025400 0.04155200 0.06342200
v -0.04025400 0.04155200 0.06342200
v -0.04025400 0.04155200 0.06342200
v -0.04025400 0.04155200 0.06342200
v -0.04025400 0.04155200 0.06342200
v -0.04025400 0.04155200 0.06342200
v -0.00211500 0.05775800 0.06342100
v -0.00211500 0.05775800 0.06342100
v -0.00211500 0.05775800 0.06342100
v -0.00211500 0.05775800 0.06342100
v -0.00211500 0.05775800 0.06342100
v 0.00634700 0.05744800 0.06342100
v 0.00634700 0.05744800 0.06342100
v 0.00634700 0.05744800 0.06342100
v 0.00634700 0.05744800 0.06342100
v 0.04319700 0.03849900 0.06342100
v 0.04319700 0.03849900 0.06342100
v 0.04319700 0.03849900 0.06342100
v 0.04319700 0.03849900 0.06342100
v 0.04319700 0.03849900 0.06342100
v 0.04319700 0.03849900 0.06342100
v 0.04837100 0.03179700 0.06342100
v 0.04837100 0.03179700 0.06342100
v 0.04837100 0.03179700 0.06342100
v 0.04837100 0.03179700 0.06342100
v 0.04837100 0.03179700 0.06342100
v 0.04837100 0.03179700 0.06342100
v 0.04837100 0.03179700 0.06342100
v 0.05251500 0.02441300 0.06342100
v 0.05251500 0.02441300 0.06342100
v 0.05251500 0.02441300 0.06342100
v 0.05251500 0.02441300 0.06342100
v 0.05251500 0.02441300 0.06342100
v 0.05553700 0.01650800 0.06341900
v 0.05553700 0.01650800 0.06341900
v 0.05553700 0.01650800 0.06341900
v 0.05553700 0.01650800 0.06341900
v 0.05553700 0.01650800 0.06341900
v 0.05553700 0.01650800 0.06341900
v 0.05799600 -0.00020000 0.06341900
v 0.05799600 -0.00020000 0.06341900
v 0.05799600 -0.00020000 0.06341900
v 0.05799600 -0.00020000 0.06341900
v 0.05792700 -0.00018700 0.06332600
v 0.05792700 -0.00018700 0.06332600
v 0.05792700 -0.00018700 0.06332600
v 0.05792700 -0.00018700 0.06332600
v 0.05792700 -0.00018700 0.06332600
v 0.05792700 -0.00018700 0.06332600
v 0.05792700 -0.00018700 0.06332600
v 0.03710100 -0.04477800 0.06342100
v 0.03710100 -0.04477800 0.06342100
v 0.03710100 -0.04477800 0.06342100
v 0.03710100 -0.04477800 0.06342100
v 0.03710100 -0.04477800 0.06342100
v 0.03710100 -0.04477800 0.06342100
v -0.01051900 -0.05722900 0.06338900
v -0.01051900 -0.05722900 0.06338900
v -0.01051900 -0.05722900 0.06338900
v -0.01051900 -0.05722900 0.06338900
v -0.01051900 -0.05722900 0.06338900
v -0.01051900 -0.05722900 0.06338900
v -0.01051900 -0.05722900 0.06338900
v -0.05057500 -0.02858700 0.06342100
v -0.05057500 -0.02858700 0.06342100
v -0.05057500 -0.02858700 0.06342100
v -0.05057500 -0.02858700 0.06342100
v -0.05057500 -0.02858700 0.06342100
v -0.05057500 -0.02858700 0.06342100
v 0.05737800 0.00824700 0.06342100
v 0.05737800 0.00824700 0.06342100
v 0.05737800 0.00824700 0.06342100
v 0.05737800 0.00824700 0.06342100
v 0.05737800 0.00824700 0.06342100
v 0.05737800 0.00824700 0.06342100
v 0.05737600 0.00825000 0.07533600
v 0.05737600 0.00825000 0.07533600
v 0.05737600 0.00825000 0.07533600
v 0.05737600 0.00825000 0.07533600
v 0.05737600 0.00825000 0.07533600
v 0.05799400 -0.00020100 0.07533900
v 0.05799400 -0.00020100 0.07533900
v 0.05799400 -0.00020100 0.07533900
v 0.05799400 -0.00020100 0.07533900
v 0.05799400 -0.00020100 0.07533900
v 0.05799400 -0.00020100 0.07533900
v 0.05737600 -0.00865000 0.07533700
v 0.05737600 -0.00865000 0.07533700
v 0.05737600 -0.00865000 0.07533700
v 0.05737600 -0.00865000 0.07533700
v 0.05737600 -0.00865000 0.07533700
v 0.05737600 -0.00865000 0.07533700
v 0.05553500 -0.01691400 0.07533700
v 0.05553500 -0.01691400 0.07533700
v 0.05553500 -0.01691400 0.07533700
v 0.05553500 -0.01691400 0.07533700
v 0.05553500 -0.01691400 0.07533700
v 0.05553500 -0.01691400 0.07533700
v 0.05250900 -0.02482200 0.07533700
v 0.05250900 -0.02482200 0.07533700
v 0.05250900 -0.02482200 0.07533700
v 0.05250900 -0.02482200 0.07533700
v 0.05250900 -0.02482200 0.07533700
v 0.05250900 -0.02482200 0.07533700
v 0.04836700 -0.03220000 0.07533900
v 0.04836700 -0.03220000 0.07533900
v 0.04836700 -0.03220000 0.07533900
v 0.04836700 -0.03220000 0.07533900
v 0.04836700 -0.03220000 0.07533900
v 0.04836700 -0.03220000 0.07533900
v 0.04319700 -0.03889700 0.07533600
v 0.04319700 -0.03889700 0.07533600
v 0.04319700 -0.03889700 0.07533600
v 0.04319700 -0.03889700 0.07533600
v 0.04319700 -0.03889700 0.07533600
v 0.04319700 -0.03889700 0.07533600
v 0.03710300 -0.04477400 0.07533600
v 0.03710300 -0.04477400 0.07533600
v 0.03710300 -0.04477400 0.07533600
v 0.03710300 -0.04477400 0.07533600
v 0.03710300 -0.04477400 0.07533600
v 0.03710300 -0.04477400 0.07533600
v 0.03020700 -0.04970700 0.07533700
v 0.03020700 -0.04970700 0.07533700
v 0.03020700 -0.04970700 0.07533700
v 0.03020700 -0.04970700 0.07533700
v 0.03020700 -0.04970700 0.07533700
v 0.02267700 -0.05357800 0.07533700
v 0.02267700 -0.05357800 0.07533700
v 0.02267700 -0.05357800 0.07533700
v 0.02267700 -0.05357800 0.07533700
v 0.02267700 -0.05357800 0.07533700
v 0.02267700 -0.05357800 0.07533700
v 0.01466800 -0.05630900 0.07533900
v 0.01466800 -0.05630900 0.07533900
v 0.01466800 -0.05630900 0.07533900
v 0.01466800 -0.05630900 0.07533900
v 0.01466800 -0.05630900 0.07533900
v 0.00634900 -0.05784700 0.07533600
v 0.00634900 -0.05784700 0.07533600
v 0.00634900 -0.05784700 0.07533600
v 0.00634900 -0.05784700 0.07533600
v 0.00634900 -0.05784700 0.07533600
v 0.00634900 -0.05784700 0.07533600
v -0.00211200 -0.05815700 0.07533600
v -0.00211200 -0.05815700 0.07533600
v -0.00211200 -0.05815700 0.07533600
v -0.00211200 -0.05815700 0.07533600
v -0.00211200 -0.05815700 0.07533600
v -0.00211200 -0.05815700 0.07533600
v -0.01052800 -0.05723200 0.07533600
v -0.01052800 -0.05723200 0.07533600
v -0.01052800 -0.05723200 0.07533600
v -0.01052800 -0.05723200 0.07533600
v -0.01052800 -0.05723200 0.07533600
v -0.01052800 -0.05723200 0.07533600
v -0.01873100 -0.05508800 0.07533700
v -0.01873100 -0.05508800 0.07533700
v -0.01873100 -0.05508800 0.07533700
v -0.01873100 -0.05508800 0.07533700
v -0.01873100 -0.05508800 0.07533700
v -0.02652300 -0.05177500 0.07533700
v -0.02652300 -0.05177500 0.07533700
v -0.02652300 -0.05177500 0.07533700
v -0.02652300 -0.05177500 0.07533700
v -0.02652300 -0.05177500 0.07533700
v -0.02652300 -0.05177500 0.07533700
v -0.03374900 -0.04736400 0.07533700
v -0.03374900 -0.04736400 0.07533700
v -0.03374900 -0.04736400 0.07533700
v -0.03374900 -0.04736400 0.07533700
v -0.03374900 -0.04736400 0.07533700
v -0.03374900 -0.04736400 0.07533700
v -0.04025200 -0.04195000 0.07533900
v -0.04025200 -0.04195000 0.07533900
v -0.04025200 -0.04195000 0.07533900
v -0.04025200 -0.04195000 0.07533900
v -0.04025200 -0.04195000 0.07533900
v -0.04025200 -0.04195000 0.07533900
v -0.04589900 -0.03565100 0.07533600
v -0.04589900 -0.03565100 0.07533600
v -0.04589900 -0.03565100 0.07533600
v -0.04589900 -0.03565100 0.07533600
v -0.04589900 -0.03565100 0.07533600
v -0.04589900 -0.03565100 0.07533600
v -0.05057200 -0.02859000 0.07533600
v -0.05057200 -0.02859000 0.07533600
v -0.05057200 -0.02859000 0.07533600
v -0.05057200 -0.02859000 0.07533600
v -0.05057200 -0.02859000 0.07533600
v -0.05057200 -0.02859000 0.07533600
v -0.05417000 -0.02091300 0.07533700
v -0.05417000 -0.02091300 0.07533700
v -0.05417000 -0.02091300 0.07533700
v -0.05417000 -0.02091300 0.07533700
v -0.05417000 -0.02091300 0.07533700
v -0.05417000 -0.02091300 0.07533700
v -0.05660700 -0.01281000 0.07533900
v -0.05660700 -0.01281000 0.07533900
v -0.05660700 -0.01281000 0.07533900
v -0.05660700 -0.01281000 0.07533900
v -0.05660700 -0.01281000 0.07533900
v -0.05784000 -0.00444000 0.07533600
v -0.05784000 -0.00444000 0.07533600
v -0.05784000 -0.00444000 0.07533600
v -0.05784000 -0.00444000 0.07533600
v -0.05784000 -0.00444000 0.07533600
v -0.05784000 -0.00444000 0.07533600
v -0.05784100 0.00402700 0.07533600
v -0.05784100 0.00402700 0.07533600
v -0.05784100 0.00402700 0.07533600
v -0.05784100 0.00402700 0.07533600
v -0.05784100 0.00402700 0.07533600
v -0.05784100 0.00402700 0.07533600
v -0.05660900 0.01240300 0.07533600
v -0.05660900 0.01240300 0.07533600
v -0.05660900 0.01240300 0.07533600
v -0.05660900 0.01240300 0.07533600
v -0.05660900 0.01240300 0.07533600
v -0.05660900 0.01240300 0.07533600
v -0.05417100 0.02051100 0.07533600
v -0.05417100 0.02051100 0.07533600
v -0.05417100 0.02051100 0.07533600
v -0.05417100 0.02051100 0.07533600
v -0.05417100 0.02051100 0.07533600
v -0.05417100 0.02051100 0.07533600
v -0.05057200 0.02818800 0.07533700
v -0.05057200 0.02818800 0.07533700
v -0.05057200 0.02818800 0.07533700
v -0.05057200 0.02818800 0.07533700
v -0.05057200 0.02818800 0.07533700
v -0.05057200 0.02818800 0.07533700
v -0.04590000 0.03524900 0.07533700
v -0.04590000 0.03524900 0.07533700
v -0.04590000 0.03524900 0.07533700
v -0.04590000 0.03524900 0.07533700
v -0.04590000 0.03524900 0.07533700
v -0.04590000 0.03524900 0.07533700
v -0.04024900 0.04155400 0.07533700
v -0.04024900 0.04155400 0.07533700
v -0.04024900 0.04155400 0.07533700
v -0.04024900 0.04155400 0.07533700
v -0.04024900 0.04155400 0.07533700
v -0.03374100 0.04696900 0.07533700
v -0.03374100 0.04696900 0.07533700
v -0.03374100 0.04696900 0.07533700
v -0.03374100 0.04696900 0.07533700
v -0.03374100 0.04696900 0.07533700
v -0.03374100 0.04696900 0.07533700
v -0.02651700 0.05137600 0.07533900
v -0.02651700 0.05137600 0.07533900
v -0.02651700 0.05137600 0.07533900
v -0.02651700 0.05137600 0.07533900
v -0.02651700 0.05137600 0.07533900
v -0.02651700 0.05137600 0.07533900
v -0.01873100 0.05468600 0.07533600
v -0.01873100 0.05468600 0.07533600
v -0.01873100 0.05468600 0.07533600
v -0.01873100 0.05468600 0.07533600
v -0.01873100 0.05468600 0.07533600
v -0.01873100 0.05468600 0.07533600
v -0.01052900 0.05683100 0.07533700
v -0.01052900 0.05683100 0.07533700
v -0.01052900 0.05683100 0.07533700
v -0.01052900 0.05683100 0.07533700
v -0.01052900 0.05683100 0.07533700
v -0.00211300 0.05775600 0.07533700
v -0.00211300 0.05775600 0.07533700
v -0.00211300 0.05775600 0.07533700
v -0.00211300 0.05775600 0.07533700
v -0.00211300 0.05775600 0.07533700
v 0.00634800 0.05744600 0.07533700
v 0.00634800 0.05744600 0.07533700
v 0.00634800 0.05744600 0.07533700
v 0.00634800 0.05744600 0.07533700
v 0.00634800 0.05744600 0.07533700
v 0.00634800 0.05744600 0.07533700
v 0.01466900 0.05590800 0.07533900
v 0.01466900 0.05590800 0.07533900
v 0.01466900 0.05590800 0.07533900
v 0.01466900 0.05590800 0.07533900
v 0.01466900 0.05590800 0.07533900
v 0.01466900 0.05590800 0.07533900
v 0.02267600 0.05317800 0.07533600
v 0.02267600 0.05317800 0.07533600
v 0.02267600 0.05317800 0.07533600
v 0.02267600 0.05317800 0.07533600
v 0.02267600 0.05317800 0.07533600
v 0.02267600 0.05317800 0.07533600
v 0.03020700 0.04930700 0.07533600
v 0.03020700 0.04930700 0.07533600
v 0.03020700 0.04930700 0.07533600
v 0.03020700 0.04930700 0.07533600
v 0.03020700 0.04930700 0.07533600
v 0.03020700 0.04930700 0.07533600
v 0.03710200 0.04437400 0.07533700
v 0.03710200 0.04437400 0.07533700
v 0.03710200 0.04437400 0.07533700
v 0.03710200 0.04437400 0.07533700
v 0.03710200 0.04437400 0.07533700
v 0.03710200 0.04437400 0.07533700
v 0.04319700 0.03849700 0.07533700
v 0.04319700 0.03849700 0.07533700
v 0.04319700 0.03849700 0.07533700
v 0.04319700 0.03849700 0.07533700
v 0.04319700 0.03849700 0.07533700
v 0.04319700 0.03849700 0.07533700
v 0.04836700 0.03179900 0.07533900
v 0.04836700 0.03179900 0.07533900
v 0.04836700 0.03179900 0.07533900
v 0.04836700 0.03179900 0.07533900
v 0.04836700 0.03179900 0.07533900
v 0.05251200 0.02441700 0.07533500
v 0.05251200 0.02441700 0.07533500
v 0.05251200 0.02441700 0.07533500
v 0.05251200 0.02441700 0.07533500
v 0.05251200 0.02441700 0.07533500
v 0.05251200 0.02441700 0.07533500
v 0.05251200 0.02441700 0.07533500
v 0.05553500 0.01650700 0.07533900
v 0.05553500 0.01650700 0.07533900
v 0.05553500 0.01650700 0.07533900
v 0.05553500 0.01650700 0.07533900
v 0.05553500 0.01650700 0.07533900
v 0.05553500 0.01650700 0.07533900
v 0.05791600 -0.00021300 0.07542400
v 0.05791600 -0.00021300 0.07542400
v 0.05791600 -0.00021300 0.07542400
v 0.05791600 -0.00021300 0.07542400
v 0.05791600 -0.00021300 0.07542400
v 0.05791600 -0.00021300 0.07542400
v 0.05729700 -0.00864600 0.07542400
v 0.05729700 -0.00864600 0.07542400
v 0.05729700 -0.00864600 0.07542400
v 0.05729700 -0.00864600 0.07542400
v 0.05729700 -0.00864600 0.07542400
v 0.05729700 -0.00864600 0.07542400
v 0.05545700 -0.01689800 0.07542400
v 0.05545700 -0.01689800 0.07542400
v 0.05545700 -0.01689800 0.07542400
v 0.05545700 -0.01689800 0.07542400
v 0.05545700 -0.01689800 0.07542400
v 0.05545700 -0.01689800 0.07542400
v 0.05243500 -0.02479500 0.07542400
v 0.05243500 -0.02479500 0.07542400
v 0.05243500 -0.02479500 0.07542400
v 0.05243500 -0.02479500 0.07542400
v 0.05243500 -0.02479500 0.07542400
v 0.05243500 -0.02479500 0.07542400
v 0.04829500 -0.03216700 0.07542400
v 0.04829500 -0.03216700 0.07542400
v 0.04829500 -0.03216700 0.07542400
v 0.04829500 -0.03216700 0.07542400
v 0.04829500 -0.03216700 0.07542400
v 0.04829500 -0.03216700 0.07542400
v 0.04312600 -0.03885900 0.07542400
v 0.04312600 -0.03885900 0.07542400
v 0.04312600 -0.03885900 0.07542400
v 0.04312600 -0.03885900 0.07542400
v 0.04312600 -0.03885900 0.07542400
v 0.04312600 -0.03885900 0.07542400
v 0.03703800 -0.04472600 0.07542400
v 0.03703800 -0.04472600 0.07542400
v 0.03703800 -0.04472600 0.07542400
v 0.03703800 -0.04472600 0.07542400
v 0.03703800 -0.04472600 0.07542400
v 0.03703800 -0.04472600 0.07542400
v 0.03016000 -0.04964400 0.07542400
v 0.03016000 -0.04964400 0.07542400
v 0.03016000 -0.04964400 0.07542400
v 0.03016000 -0.04964400 0.07542400
v 0.03016000 -0.04964400 0.07542400
v 0.03016000 -0.04964400 0.07542400
v 0.02264000 -0.05350800 0.07542400
v 0.02264000 -0.05350800 0.07542400
v 0.02264000 -0.05350800 0.07542400
v 0.02264000 -0.05350800 0.07542400
v 0.02264000 -0.05350800 0.07542400
v 0.02264000 -0.05350800 0.07542400
v 0.01463700 -0.05623700 0.07542400
v 0.01463700 -0.05623700 0.07542400
v 0.01463700 -0.05623700 0.07542400
v 0.01463700 -0.05623700 0.07542400
v 0.01463700 -0.05623700 0.07542400
v 0.01463700 -0.05623700 0.07542400
v 0.00632200 -0.05777100 0.07542400
v 0.00632200 -0.05777100 0.07542400
v 0.00632200 -0.05777100 0.07542400
v 0.00632200 -0.05777100 0.07542400
v 0.00632200 -0.05777100 0.07542400
v 0.00632200 -0.05777100 0.07542400
v -0.00212800 -0.05807800 0.07542400
v -0.00212800 -0.05807800 0.07542400
v -0.00212800 -0.05807800 0.07542400
v -0.00212800 -0.05807800 0.07542400
v -0.00212800 -0.05807800 0.07542400
v -0.00212800 -0.05807800 0.07542400
v -0.01053200 -0.05715100 0.07542400
v -0.01053200 -0.05715100 0.07542400
v -0.01053200 -0.05715100 0.07542400
v -0.01053200 -0.05715100 0.07542400
v -0.01053200 -0.05715100 0.07542400
v -0.01053200 -0.05715100 0.07542400
v -0.01871200 -0.05501100 0.07542400
v -0.01871200 -0.05501100 0.07542400
v -0.01871200 -0.05501100 0.07542400
v -0.01871200 -0.05501100 0.07542400
v -0.01871200 -0.05501100 0.07542400
v -0.01871200 -0.05501100 0.07542400
v -0.02649300 -0.05170200 0.07542400
v -0.02649300 -0.05170200 0.07542400
v -0.02649300 -0.05170200 0.07542400
v -0.02649300 -0.05170200 0.07542400
v -0.02649300 -0.05170200