mtllib material.mtl
usemtl material_0
v 0.03224900 0.06971900 -0.05616000
v 0.03224900 0.06971900 -0.05616000
v 0.03224900 0.06971900 -0.05616000
v 0.03224900 0.06971900 -0.05616000
v 0.03224900 0.06971900 -0.05616000
v 0.03224900 0.06971900 -0.05616000
v 0.03224900 0.06971900 -0.05616000
v 0.03224900 0.06971900 -0.05616000
v 0.03224900 0.06971900 -0.05616000
v 0.03224900 0.06971900 -0.05616000
v 0.03224900 0.06971900 -0.05616000
v 0.03224900 0.06971900 -0.05616000
v 0.03224900 0.06971900 -0.05616000
v 0.03224900 0.06971900 -0.05616000
v 0.03224900 0.06971900 -0.05616000
v 0.03224900 0.06971900 -0.05616000
v 0.03224900 0.06971900 -0.05616000
v 0.03224900 0.06971900 -0.05616000
v 0.03224900 0.06971900 -0.05616000
v 0.03224900 0.06971900 -0.05616000
v 0.03224900 0.06971900 -0.05616000
v 0.03224900 0.06971900 -0.05616000
v 0.03224900 0.06971900 -0.05616000
v 0.03224900 0.06971900 -0.05616000
v 0.03224900 0.06971900 -0.05616000
v 0.03224900 0.06971900 -0.05616000
v 0.03224900 0.06971900 -0.05616000
v 0.03224900 0.06971900 -0.05616000
v 0.03224900 0.06971900 -0.05616000
v 0.03224900 0.06971900 -0.05616000
v 0.03224900 0.06971900 -0.05616000
v 0.03224900 0.06971900 -0.05616000
v 0.03224900 0.06971900 -0.05616000
v 0.03224900 0.06971900 -0.05616000
v 0.03224900 0.06971900 -0.05616000
v 0.03224900 0.06971900 -0.05616000
v 0.03175700 0.07029500 -0.05703200
v 0.03175700 0.07029500 -0.05703200
v 0.03175700 0.07029500 -0.05703200
v 0.03175700 0.07029500 -0.05703200
v 0.03175700 0.07029500 -0.05703200
v 0.03175700 0.07029500 -0.05703200
v 0.03268700 0.07030200 -0.05524800
v 0.03268700 0.07030200 -0.05524800
v 0.03268700 0.07030200 -0.05524800
v 0.03268700 0.07030200 -0.05524800
v 0.03268700 0.07030200 -0.05524800
v 0.03348300 0.07047600 -0.05571500
v 0.03348300 0.07047600 -0.05571500
v 0.03348300 0.07047600 -0.05571500
v 0.03348300 0.07047600 -0.05571500
v 0.03348300 0.07047600 -0.05571500
v 0.03332400 0.07035500 -0.05590800
v 0.03332400 0.07035500 -0.05590800
v 0.03332400 0.07035500 -0.05590800
v 0.03332400 0.07035500 -0.05590800
v 0.03332400 0.07035500 -0.05590800
v 0.03349000 0.07052700 -0.05550800
v 0.03349000 0.07052700 -0.05550800
v 0.03349000 0.07052700 -0.05550800
v 0.03349000 0.07052700 -0.05550800
v 0.03349000 0.07052700 -0.05550800
v 0.03349000 0.07052700 -0.05550800
v 0.03297700 0.07034200 -0.05535900
v 0.03297700 0.07034200 -0.05535900
v 0.03297700 0.07034200 -0.05535900
v 0.03297700 0.07034200 -0.05535900
v 0.03297700 0.07034200 -0.05535900
v 0.03297700 0.07034200 -0.05535900
v 0.03332000 0.07050100 -0.05532700
v 0.03332000 0.07050100 -0.05532700
v 0.03332000 0.07050100 -0.05532700
v 0.03332000 0.07050100 -0.05532700
v 0.03332000 0.07050100 -0.05532700
v 0.03247600 0.07047400 -0.05487000
v 0.03247600 0.07047400 -0.05487000
v 0.03247600 0.07047400 -0.05487000
v 0.03247600 0.07047400 -0.05487000
v 0.03247600 0.07047400 -0.05487000
v 0.03230400 0.07052700 -0.05476000
v 0.03230400 0.07052700 -0.05476000
v 0.03230400 0.07052700 -0.05476000
v 0.03230400 0.07052700 -0.05476000
v 0.03230400 0.07052700 -0.05476000
v 0.03230400 0.07052700 -0.05476000
v 0.03206300 0.07050100 -0.05481600
v 0.03206300 0.07050100 -0.05481600
v 0.03206300 0.07050100 -0.05481600
v 0.03206300 0.07050100 -0.05481600
v 0.03206300 0.07050100 -0.05481600
v 0.03193100 0.07035400 -0.05510500
v 0.03193100 0.07035400 -0.05510500
v 0.03193100 0.07035400 -0.05510500
v 0.03193100 0.07035400 -0.05510500
v 0.03193100 0.07035400 -0.05510500
v 0.03174100 0.07029500 -0.05529700
v 0.03174100 0.07029500 -0.05529700
v 0.03174100 0.07029500 -0.05529700
v 0.03174100 0.07029500 -0.05529700
v 0.03174100 0.07029500 -0.05529700
v 0.03174100 0.07029500 -0.05529700
v 0.03148300 0.07035900 -0.05535700
v 0.03148300 0.07035900 -0.05535700
v 0.03148300 0.07035900 -0.05535700
v 0.03148300 0.07035900 -0.05535700
v 0.03148300 0.07035900 -0.05535700
v 0.03102500 0.07052700 -0.05547900
v 0.03102500 0.07052700 -0.05547900
v 0.03102500 0.07052700 -0.05547900
v 0.03102500 0.07052700 -0.05547900
v 0.03118300 0.07050000 -0.05532500
v 0.03118300 0.07050000 -0.05532500
v 0.03118300 0.07050000 -0.05532500
v 0.03118300 0.07050000 -0.05532500
v 0.03118300 0.07050000 -0.05532500
v 0.03100200 0.07049100 -0.05567500
v 0.03100200 0.07049100 -0.05567500
v 0.03100200 0.07049100 -0.05567500
v 0.03100200 0.07049100 -0.05567500
v 0.03100200 0.07049100 -0.05567500
v 0.03117700 0.07035400 -0.05590800
v 0.03117700 0.07035400 -0.05590800
v 0.03117700 0.07035400 -0.05590800
v 0.03117700 0.07035400 -0.05590800
v 0.03117700 0.07035400 -0.05590800
v 0.03124700 0.07029600 -0.05616100
v 0.03124700 0.07029600 -0.05616100
v 0.03124700 0.07029600 -0.05616100
v 0.03124700 0.07029600 -0.05616100
v 0.03102100 0.07047100 -0.05659900
v 0.03102100 0.07047100 -0.05659900
v 0.03102100 0.07047100 -0.05659900
v 0.03102100 0.07047100 -0.05659900
v 0.03102100 0.07047100 -0.05659900
v 0.03117500 0.07035500 -0.05641300
v 0.03117500 0.07035500 -0.05641300
v 0.03117500 0.07035500 -0.05641300
v 0.03117500 0.07035500 -0.05641300
v 0.03117500 0.07035500 -0.05641300
v 0.03122000 0.07048700 -0.05700600
v 0.03122000 0.07048700 -0.05700600
v 0.03122000 0.07048700 -0.05700600
v 0.03122000 0.07048700 -0.05700600
v 0.03122000 0.07048700 -0.05700600
v 0.03122000 0.07048700 -0.05700600
v 0.03101000 0.07052900 -0.05682400
v 0.03101000 0.07052900 -0.05682400
v 0.03101000 0.07052900 -0.05682400
v 0.03101000 0.07052900 -0.05682400
v 0.03101000 0.07052900 -0.05682400
v 0.03152200 0.07034600 -0.05696700
v 0.03152200 0.07034600 -0.05696700
v 0.03152200 0.07034600 -0.05696700
v 0.03152200 0.07034600 -0.05696700
v 0.03201800 0.07047500 -0.05745000
v 0.03201800 0.07047500 -0.05745000
v 0.03201800 0.07047500 -0.05745000
v 0.03201800 0.07047500 -0.05745000
v 0.03201800 0.07047500 -0.05745000
v 0.03191500 0.07034600 -0.05719400
v 0.03191500 0.07034600 -0.05719400
v 0.03191500 0.07034600 -0.05719400
v 0.03191500 0.07034600 -0.05719400
v 0.03219400 0.07052700 -0.05756000
v 0.03219400 0.07052700 -0.05756000
v 0.03219400 0.07052700 -0.05756000
v 0.03219400 0.07052700 -0.05756000
v 0.03219400 0.07052700 -0.05756000
v 0.03219400 0.07052700 -0.05756000
v 0.03249200 0.07046400 -0.05742800
v 0.03249200 0.07046400 -0.05742800
v 0.03249200 0.07046400 -0.05742800
v 0.03249200 0.07046400 -0.05742800
v 0.03249200 0.07046400 -0.05742800
v 0.03237000 0.07051600 -0.05753600
v 0.03237000 0.07051600 -0.05753600
v 0.03237000 0.07051600 -0.05753600
v 0.03237000 0.07051600 -0.05753600
v 0.03237000 0.07051600 -0.05753600
v 0.03263000 0.07031500 -0.05712400
v 0.03263000 0.07031500 -0.05712400
v 0.03263000 0.07031500 -0.05712400
v 0.03263000 0.07031500 -0.05712400
v 0.03263000 0.07031500 -0.05712400
v 0.03322900 0.07046500 -0.05700500
v 0.03322900 0.07046500 -0.05700500
v 0.03322900 0.07046500 -0.05700500
v 0.03322900 0.07046500 -0.05700500
v 0.03322900 0.07046500 -0.05700500
v 0.03293800 0.07032700 -0.05696200
v 0.03293800 0.07032700 -0.05696200
v 0.03293800 0.07032700 -0.05696200
v 0.03293800 0.07032700 -0.05696200
v 0.03293800 0.07032700 -0.05696200
v 0.03293800 0.07032700 -0.05696200
v 0.03339200 0.07051800 -0.05694400
v 0.03339200 0.07051800 -0.05694400
v 0.03339200 0.07051800 -0.05694400
v 0.03339200 0.07051800 -0.05694400
v 0.03349200 0.07052600 -0.05680500
v 0.03349200 0.07052600 -0.05680500
v 0.03349200 0.07052600 -0.05680500
v 0.03349200 0.07052600 -0.05680500
v 0.03349200 0.07052600 -0.05680500
v 0.03332000 0.07035200 -0.05640700
v 0.03332000 0.07035200 -0.05640700
v 0.03332000 0.07035200 -0.05640700
v 0.03332000 0.07035200 -0.05640700
v 0.03332000 0.07035200 -0.05640700
v 0.03348100 0.07047400 -0.05660500
v 0.03348100 0.07047400 -0.05660500
v 0.03348100 0.07047400 -0.05660500
v 0.03348100 0.07047400 -0.05660500
v 0.03348100 0.07047400 -0.05660500
v 0.03325200 0.07029600 -0.05615900
v 0.03325200 0.07029600 -0.05615900
v 0.03325200 0.07029600 -0.05615900
v 0.03325200 0.07029600 -0.05615900
v 0.03325200 0.07029600 -0.05615900
v -0.03225000 0.06971900 -0.05616000
v -0.03225000 0.06971900 -0.05616000
v -0.03225000 0.06971900 -0.05616000
v -0.03225000 0.06971900 -0.05616000
v -0.03225000 0.06971900 -0.05616000
v -0.03225000 0.06971900 -0.05616000
v -0.03225000 0.06971900 -0.05616000
v -0.03225000 0.06971900 -0.05616000
v -0.03225000 0.06971900 -0.05616000
v -0.03225000 0.06971900 -0.05616000
v -0.03225000 0.06971900 -0.05616000
v -0.03225000 0.06971900 -0.05616000
v -0.03225000 0.06971900 -0.05616000
v -0.03225000 0.06971900 -0.05616000
v -0.03225000 0.06971900 -0.05616000
v -0.03225000 0.06971900 -0.05616000
v -0.03225000 0.06971900 -0.05616000
v -0.03225000 0.06971900 -0.05616000
v -0.03225000 0.06971900 -0.05616000
v -0.03225000 0.06971900 -0.05616000
v -0.03225000 0.06971900 -0.05616000
v -0.03225000 0.06971900 -0.05616000
v -0.03225000 0.06971900 -0.05616000
v -0.03225000 0.06971900 -0.05616000
v -0.03225000 0.06971900 -0.05616000
v -0.03225000 0.06971900 -0.05616000
v -0.03225000 0.06971900 -0.05616000
v -0.03225000 0.06971900 -0.05616000
v -0.03225000 0.06971900 -0.05616000
v -0.03225000 0.06971900 -0.05616000
v -0.03225000 0.06971900 -0.05616000
v -0.03225000 0.06971900 -0.05616000
v -0.03225000 0.06971900 -0.05616000
v -0.03225000 0.06971900 -0.05616000
v -0.03225000 0.06971900 -0.05616000
v -0.03242300 0.07048000 -0.05485200
v -0.03242300 0.07048000 -0.05485200
v -0.03242300 0.07048000 -0.05485200
v -0.03242300 0.07048000 -0.05485200
v -0.03242300 0.07048000 -0.05485200
v -0.03120400 0.07048000 -0.05535600
v -0.03120400 0.07048000 -0.05535600
v -0.03120400 0.07048000 -0.05535600
v -0.03120400 0.07048000 -0.05535600
v -0.03087800 0.07052900 -0.05646500
v -0.03087800 0.07052900 -0.05646500
v -0.03087800 0.07052900 -0.05646500
v -0.03087800 0.07052900 -0.05646500
v -0.03128100 0.07035900 -0.05670300
v -0.03128100 0.07035900 -0.05670300
v -0.03128100 0.07035900 -0.05670300
v -0.03128100 0.07035900 -0.05670300
v -0.03128100 0.07035900 -0.05670300
v -0.03329700 0.07047600 -0.05695200
v -0.03329700 0.07047600 -0.05695200
v -0.03329700 0.07047600 -0.05695200
v -0.03329700 0.07047600 -0.05695200
v -0.03329700 0.07047600 -0.05695200
v -0.03311300 0.07031700 -0.05558000
v -0.03311300 0.07031700 -0.05558000
v -0.03311300 0.07031700 -0.05558000
v -0.03311300 0.07031700 -0.05558000
v -0.03311300 0.07031700 -0.05558000
v -0.03345800 0.07047500 -0.05565000
v -0.03345800 0.07047500 -0.05565000
v -0.03345800 0.07047500 -0.05565000
v -0.03345800 0.07047500 -0.05565000
v -0.03345800 0.07047500 -0.05565000
v -0.03345800 0.07047500 -0.05565000
v -0.03361600 0.07053000 -0.05582100
v -0.03361600 0.07053000 -0.05582100
v -0.03361600 0.07053000 -0.05582100
v -0.03361600 0.07053000 -0.05582100
v -0.03361600 0.07053000 -0.05582100
v -0.03360400 0.07050500 -0.05601900
v -0.03360400 0.07050500 -0.05601900
v -0.03360400 0.07050500 -0.05601900
v -0.03360400 0.07050500 -0.05601900
v -0.03326300 0.07031200 -0.05634300
v -0.03326300 0.07031200 -0.05634300
v -0.03326300 0.07031200 -0.05634300
v -0.03326300 0.07031200 -0.05634300
v -0.03326300 0.07031200 -0.05634300
v -0.03350100 0.07044100 -0.05614000
v -0.03350100 0.07044100 -0.05614000
v -0.03350100 0.07044100 -0.05614000
v -0.03350100 0.07044100 -0.05614000
v -0.03350100 0.07044100 -0.05614000
v -0.03318300 0.07032500 -0.05665000
v -0.03318300 0.07032500 -0.05665000
v -0.03318300 0.07032500 -0.05665000
v -0.03318300 0.07032500 -0.05665000
v -0.03318300 0.07032500 -0.05665000
v -0.03322500 0.07053000 -0.05717500
v -0.03322500 0.07053000 -0.05717500
v -0.03322500 0.07053000 -0.05717500
v -0.03322500 0.07053000 -0.05717500
v -0.03322500 0.07053000 -0.05717500
v -0.03304900 0.07050400 -0.05726200
v -0.03304900 0.07050400 -0.05726200
v -0.03304900 0.07050400 -0.05726200
v -0.03304900 0.07050400 -0.05726200
v -0.03304900 0.07050400 -0.05726200
v -0.03259800 0.07031200 -0.05712900
v -0.03259800 0.07031200 -0.05712900
v -0.03259800 0.07031200 -0.05712900
v -0.03259800 0.07031200 -0.05712900
v -0.03259800 0.07031200 -0.05712900
v -0.03289300 0.07044100 -0.05723400
v -0.03289300 0.07044100 -0.05723400
v -0.03289300 0.07044100 -0.05723400
v -0.03289300 0.07044100 -0.05723400
v -0.03289300 0.07044100 -0.05723400
v -0.03235400 0.07031200 -0.05718400
v -0.03235400 0.07031200 -0.05718400
v -0.03235400 0.07031200 -0.05718400
v -0.03235400 0.07031200 -0.05718400
v -0.03215500 0.07042000 -0.05737300
v -0.03215500 0.07042000 -0.05737300
v -0.03215500 0.07042000 -0.05737300
v -0.03215500 0.07042000 -0.05737300
v -0.03215500 0.07042000 -0.05737300
v -0.03176900 0.07052600 -0.05747500
v -0.03176900 0.07052600 -0.05747500
v -0.03176900 0.07052600 -0.05747500
v -0.03176900 0.07052600 -0.05747500
v -0.03176900 0.07052600 -0.05747500
v -0.03198800 0.07051000 -0.05750600
v -0.03198800 0.07051000 -0.05750600
v -0.03198800 0.07051000 -0.05750600
v -0.03198800 0.07051000 -0.05750600
v -0.03198800 0.07051000 -0.05750600
v -0.03164900 0.07047200 -0.05732000
v -0.03164900 0.07047200 -0.05732000
v -0.03164900 0.07047200 -0.05732000
v -0.03164900 0.07047200 -0.05732000
v -0.03163300 0.07035200 -0.05707000
v -0.03163300 0.07035200 -0.05707000
v -0.03163300 0.07035200 -0.05707000
v -0.03163300 0.07035200 -0.05707000
v -0.03163300 0.07035200 -0.05707000
v -0.03151800 0.07029500 -0.05684600
v -0.03151800 0.07029500 -0.05684600
v -0.03151800 0.07029500 -0.05684600
v -0.03151800 0.07029500 -0.05684600
v -0.03101700 0.07048600 -0.05666300
v -0.03101700 0.07048600 -0.05666300
v -0.03101700 0.07048600 -0.05666300
v -0.03101700 0.07048600 -0.05666300
v -0.03101700 0.07048600 -0.05666300
v -0.03101700 0.07048600 -0.05666300
v -0.03092300 0.07048500 -0.05623300
v -0.03092300 0.07048500 -0.05623300
v -0.03092300 0.07048500 -0.05623300
v -0.03092300 0.07048500 -0.05623300
v -0.03092300 0.07048500 -0.05623300
v -0.03092300 0.07048500 -0.05623300
v -0.03121900 0.07031900 -0.05601000
v -0.03121900 0.07031900 -0.05601000
v -0.03121900 0.07031900 -0.05601000
v -0.03121900 0.07031900 -0.05601000
v -0.03121900 0.07031900 -0.05601000
v -0.03131700 0.07032900 -0.05565400
v -0.03131700 0.07032900 -0.05565400
v -0.03131700 0.07032900 -0.05565400
v -0.03131700 0.07032900 -0.05565400
v -0.03131700 0.07032900 -0.05565400
v -0.03127300 0.07053000 -0.05514700
v -0.03127300 0.07053000 -0.05514700
v -0.03127300 0.07053000 -0.05514700
v -0.03127300 0.07053000 -0.05514700
v -0.03127300 0.07053000 -0.05514700
v -0.03149800 0.07049200 -0.05504900
v -0.03149800 0.07049200 -0.05504900
v -0.03149800 0.07049200 -0.05504900
v -0.03149800 0.07049200 -0.05504900
v -0.03149800 0.07049200 -0.05504900
v -0.03179600 0.07034000 -0.05518200
v -0.03179600 0.07034000 -0.05518200
v -0.03179600 0.07034000 -0.05518200
v -0.03179600 0.07034000 -0.05518200
v -0.03179600 0.07034000 -0.05518200
v -0.03179600 0.07034000 -0.05518200
v -0.03210800 0.07030300 -0.05515700
v -0.03210800 0.07030300 -0.05515700
v -0.03210800 0.07030300 -0.05515700
v -0.03210800 0.07030300 -0.05515700
v -0.03210800 0.07030300 -0.05515700
v -0.03229100 0.07037700 -0.05502000
v -0.03229100 0.07037700 -0.05502000
v -0.03229100 0.07037700 -0.05502000
v -0.03229100 0.07037700 -0.05502000
v -0.03229100 0.07037700 -0.05502000
v -0.03263900 0.07053000 -0.05480700
v -0.03263900 0.07053000 -0.05480700
v -0.03263900 0.07053000 -0.05480700
v -0.03263900 0.07053000 -0.05480700
v -0.03284700 0.07048700 -0.05496800
v -0.03284700 0.07048700 -0.05496800
v -0.03284700 0.07048700 -0.05496800
v -0.03284700 0.07048700 -0.05496800
v -0.03284700 0.07048700 -0.05496800
v -0.03288500 0.07031700 -0.05533700
v -0.03288500 0.07031700 -0.05533700
v -0.03288500 0.07031700 -0.05533700
v -0.03288500 0.07031700 -0.05533700
v -0.03288500 0.07031700 -0.05533700
v -0.03288500 0.07031700 -0.05533700
v 0.03256000 0.07163300 -0.05723400
v 0.03256000 0.07163300 -0.05723400
v 0.03256000 0.07163300 -0.05723400
v 0.03256000 0.07163300 -0.05723400
v 0.03256000 0.07163300 -0.05723400
v 0.03273900 0.07156400 -0.05703200
v 0.03273900 0.07156400 -0.05703200
v 0.03273900 0.07156400 -0.05703200
v 0.03273900 0.07156400 -0.05703200
v 0.03273900 0.07156400 -0.05703200
v 0.03299800 0.07162300 -0.05696500
v 0.03299800 0.07162300 -0.05696500
v 0.03299800 0.07162300 -0.05696500
v 0.03299800 0.07162300 -0.05696500
v 0.03325600 0.07157000 -0.05611500
v 0.03325600 0.07157000 -0.05611500
v 0.03325600 0.07157000 -0.05611500
v 0.03325600 0.07157000 -0.05611500
v 0.03325600 0.07157000 -0.05611500
v 0.03332600 0.07162700 -0.05590700
v 0.03332600 0.07162700 -0.05590700
v 0.03332600 0.07162700 -0.05590700
v 0.03332600 0.07162700 -0.05590700
v 0.03332600 0.07162700 -0.05590700
v 0.03332600 0.07162700 -0.05590700
v 0.03329700 0.07160400 -0.05637300
v 0.03329700 0.07160400 -0.05637300
v 0.03329700 0.07160400 -0.05637300
v 0.03329700 0.07160400 -0.05637300
v 0.03329700 0.07160400 -0.05637300
v 0.03347100 0.07173600 -0.05658800
v 0.03347100 0.07173600 -0.05658800
v 0.03347100 0.07173600 -0.05658800
v 0.03347100 0.07173600 -0.05658800
v 0.03347100 0.07173600 -0.05658800
v 0.03349900 0.07179500 -0.05678200
v 0.03349900 0.07179500 -0.05678200
v 0.03349900 0.07179500 -0.05678200
v 0.03349900 0.07179500 -0.05678200
v 0.03349900 0.07179500 -0.05678200
v 0.03349900 0.07179500 -0.05678200
v 0.03339600 0.07179200 -0.05694700
v 0.03339600 0.07179200 -0.05694700
v 0.03339600 0.07179200 -0.05694700
v 0.03339600 0.07179200 -0.05694700
v 0.03339600 0.07179200 -0.05694700
v 0.03339600 0.07179200 -0.05694700
v 0.03339600 0.07179200 -0.05694700
v 0.03320500 0.07172400 -0.05700300
v 0.03320500 0.07172400 -0.05700300
v 0.03320500 0.07172400 -0.05700300
v 0.03320500 0.07172400 -0.05700300
v 0.03320500 0.07172400 -0.05700300
v 0.03323100 0.07173600 -0.05531600
v 0.03323100 0.07173600 -0.05531600
v 0.03323100 0.07173600 -0.05531600
v 0.03323100 0.07173600 -0.05531600
v 0.03323100 0.07173600 -0.05531600
v 0.03339000 0.07178800 -0.05537500
v 0.03339000 0.07178800 -0.05537500
v 0.03339000 0.07178800 -0.05537500
v 0.03339000 0.07178800 -0.05537500
v 0.03339000 0.07178800 -0.05537500
v 0.03348700 0.07179700 -0.05550300
v 0.03348700 0.07179700 -0.05550300
v 0.03348700 0.07179700 -0.05550300
v 0.03348700 0.07179700 -0.05550300
v 0.03348700 0.07179700 -0.05550300
v 0.03348700 0.07179700 -0.05550300
v 0.03348600 0.07174700 -0.05571100
v 0.03348600 0.07174700 -0.05571100
v 0.03348600 0.07174700 -0.05571100
v 0.03348600 0.07174700 -0.05571100
v 0.03348600 0.07174700 -0.05571100
v 0.03301400 0.07162900 -0.05535500
v 0.03301400 0.07162900 -0.05535500
v 0.03301400 0.07162900 -0.05535500
v 0.03301400 0.07162900 -0.05535500
v 0.03301400 0.07162900 -0.05535500
v 0.03276300 0.07156400 -0.05530300
v 0.03276300 0.07156400 -0.05530300
v 0.03276300 0.07156400 -0.05530300
v 0.03276300 0.07156400 -0.05530300
v 0.03276300 0.07156400 -0.05530300
v 0.03258100 0.07161800 -0.05512300
v 0.03258100 0.07161800 -0.05512300
v 0.03258100 0.07161800 -0.05512300
v 0.03258100 0.07161800 -0.05512300
v 0.03258100 0.07161800 -0.05512300
v 0.03201000 0.07173600 -0.05488800
v 0.03201000 0.07173600 -0.05488800
v 0.03201000 0.07173600 -0.05488800
v 0.03201000 0.07173600 -0.05488800
v 0.03201000 0.07173600 -0.05488800
v 0.03214000 0.07178800 -0.05477900
v 0.03214000 0.07178800 -0.05477900
v 0.03214000 0.07178800 -0.05477900
v 0.03214000 0.07178800 -0.05477900
v 0.03214000 0.07178800 -0.05477900
v 0.03230000 0.07179700 -0.05476000
v 0.03230000 0.07179700 -0.05476000
v 0.03230000 0.07179700 -0.05476000
v 0.03230000 0.07179700 -0.05476000
v 0.03230000 0.07179700 -0.05476000
v 0.03230000 0.07179700 -0.05476000
v 0.03248100 0.07174700 -0.05486600
v 0.03248100 0.07174700 -0.05486600
v 0.03248100 0.07174700 -0.05486600
v 0.03248100 0.07174700 -0.05486600
v 0.03248100 0.07174700 -0.05486600
v 0.03191000 0.07160600 -0.05514400
v 0.03191000 0.07160600 -0.05514400
v 0.03191000 0.07160600 -0.05514400
v 0.03191000 0.07160600 -0.05514400
v 0.03191000 0.07160600 -0.05514400
v 0.03191000 0.07160600 -0.05514400
v 0.03173600 0.07157100 -0.05529300
v 0.03173600 0.07157100 -0.05529300
v 0.03173600 0.07157100 -0.05529300
v 0.03173600 0.07157100 -0.05529300
v 0.03122700 0.07175400 -0.05531300
v 0.03122700 0.07175400 -0.05531300
v 0.03122700 0.07175400 -0.05531300
v 0.03122700 0.07175400 -0.05531300
v 0.03122700 0.07175400 -0.05531300
v 0.03154300 0.07160600 -0.05535700
v 0.03154300 0.07160600 -0.05535700
v 0.03154300 0.07160600 -0.05535700
v 0.03154300 0.07160600 -0.05535700
v 0.03154300 0.07160600 -0.05535700
v 0.03102400 0.07179700 -0.05547200
v 0.03102400 0.07179700 -0.05547200
v 0.03102400 0.07179700 -0.05547200
v 0.03102400 0.07179700 -0.05547200
v 0.03102400 0.07179700 -0.05547200
v 0.03102400 0.07179700 -0.05547200
v 0.03102400 0.07179700 -0.05547200
v 0.03102400 0.07179700 -0.05547200
v 0.03101200 0.07174900 -0.05570100
v 0.03101200 0.07174900 -0.05570100
v 0.03101200 0.07174900 -0.05570100
v 0.03101200 0.07174900 -0.05570100
v 0.03101200 0.07174900 -0.05570100
v 0.03101200 0.07174900 -0.05570100
v 0.03125200 0.07156200 -0.05612300
v 0.03125200 0.07156200 -0.05612300
v 0.03125200 0.07156200 -0.05612300
v 0.03125200 0.07156200 -0.05612300
v 0.03125200 0.07156200 -0.05612300
v 0.03125200 0.07156200 -0.05612300
v 0.03117300 0.07162700 -0.05641400
v 0.03117300 0.07162700 -0.05641400
v 0.03117300 0.07162700 -0.05641400
v 0.03117300 0.07162700 -0.05641400
v 0.03117300 0.07162700 -0.05641400
v 0.03240900 0.07179300 -0.05754400
v 0.03240900 0.07179300 -0.05754400
v 0.03240900 0.07179300 -0.05754400
v 0.03240900 0.07179300 -0.05754400
v 0.03240900 0.07179300 -0.05754400
v 0.03240900 0.07179300 -0.05754400
v 0.03240900 0.07179300 -0.05754400
v 0.03233600 0.07179400 -0.05755300
v 0.03233600 0.07179400 -0.05755300
v 0.03233600 0.07179400 -0.05755300
v 0.03233600 0.07179400 -0.05755300
v 0.03233600 0.07179400 -0.05755300
v 0.03218000 0.07179500 -0.05755500
v 0.03218000 0.07179500 -0.05755500
v 0.03218000 0.07179500 -0.05755500
v 0.03218000 0.07179500 -0.05755500
v 0.03218000 0.07179500 -0.05755500
v 0.03201900 0.07174700 -0.05745500
v 0.03201900 0.07174700 -0.05745500
v 0.03201900 0.07174700 -0.05745500
v 0.03201900 0.07174700 -0.05745500
v 0.03201900 0.07174700 -0.05745500
v 0.03151600 0.07161400 -0.05696100
v 0.03151600 0.07161400 -0.05696100
v 0.03151600 0.07161400 -0.05696100
v 0.03151600 0.07161400 -0.05696100
v 0.03151600 0.07161400 -0.05696100
v 0.03151600 0.07161400 -0.05696100
v 0.03151600 0.07161400 -0.05696100
v 0.03175400 0.07156900 -0.05703700
v 0.03175400 0.07156900 -0.05703700
v 0.03175400 0.07156900 -0.05703700
v 0.03175400 0.07156900 -0.05703700
v 0.03190600 0.07160500 -0.05717300
v 0.03190600 0.07160500 -0.05717300
v 0.03190600 0.07160500 -0.05717300
v 0.03190600 0.07160500 -0.05717300
v 0.03190600 0.07160500 -0.05717300
v 0.03190600 0.07160500 -0.05717300
v 0.03100300 0.07175700 -0.05663100
v 0.03100300 0.07175700 -0.05663100
v 0.03100300 0.07175700 -0.05663100
v 0.03100300 0.07175700 -0.05663100
v 0.03100300 0.07175700 -0.05663100
v 0.03103500 0.07179700 -0.05686500
v 0.03103500 0.07179700 -0.05686500
v 0.03103500 0.07179700 -0.05686500
v 0.03103500 0.07179700 -0.05686500
v 0.03103500 0.07179700 -0.05686500
v 0.03103500 0.07179700 -0.05686500
v 0.03103500 0.07179700 -0.05686500
v 0.03120400 0.07176100 -0.05699700
v 0.03120400 0.07176100 -0.05699700
v 0.03120400 0.07176100 -0.05699700
v 0.03120400 0.07176100 -0.05699700
v 0.06599900 0.07721800 -0.00030200
v 0.06599900 0.07721800 -0.00030200
v 0.06599900 0.07721800 -0.00030200
v 0.06599900 0.07721800 -0.00030200
v 0.06599900 0.07721800 -0.00030200
v 0.06599900 0.07721800 -0.00030200
v 0.06599900 0.07721800 -0.00030200
v 0.06599900 0.07721800 -0.00030200
v 0.06599900 0.07721800 -0.00030200
v 0.06599900 0.07721800 -0.00030200
v 0.06599900 0.07721800 -0.00030200
v 0.06599900 0.07721800 -0.00030200
v 0.06599900 0.07721800 -0.00030200
v 0.06599900 0.07721800 -0.00030200
v 0.06599900 0.07721800 -0.00030200
v 0.06599900 0.07721800 -0.00030200
v 0.06599900 0.07721800 -0.00030200
v 0.06599900 0.07721800 -0.00030200
v 0.06599900 0.07721800 -0.00030200
v 0.06599900 0.07721800 -0.00030200
v 0.06599900 0.07721800 -0.00030200
v 0.06599900 0.07721800 -0.00030200
v 0.06599900 0.07721800 -0.00030200
v 0.06599900 0.07721800 -0.00030200
v 0.06599900 0.07721800 -0.00030200
v 0.06599900 0.07721800 -0.00030200
v 0.06599900 0.07721800 -0.00030200
v 0.06599900 0.07721800 -0.00030200
v 0.06599900 0.07721800 -0.00030200
v 0.06599900 0.07721800 -0.00030200
v 0.06599900 0.07721800 -0.00030200
v 0.06599900 0.07721800 -0.00030200
v 0.06599900 0.07721800 -0.00030200
v 0.06599900 0.07721800 -0.00030200
v 0.06599900 0.07721800 -0.00030200
v 0.06643600 0.07780100 0.00061000
v 0.06643600 0.07780100 0.00061000
v 0.06643600 0.07780100 0.00061000
v 0.06643600 0.07780100 0.00061000
v 0.06643600 0.07780100 0.00061000
v 0.06723300 0.07797500 0.00014300
v 0.06723300 0.07797500 0.00014300
v 0.06723300 0.07797500 0.00014300
v 0.06723300 0.07797500 0.00014300
v 0.06723300 0.07797500 0.00014300
v 0.06707400 0.07785500 -0.00005000
v 0.06707400 0.07785500 -0.00005000
v 0.06707400 0.07785500 -0.00005000
v 0.06707400 0.07785500 -0.00005000
v 0.06707400 0.07785500 -0.00005000
v 0.06723900 0.07802700 0.00035000
v 0.06723900 0.07802700 0.00035000
v 0.06723900 0.07802700 0.00035000
v 0.06723900 0.07802700 0.00035000
v 0.06723900 0.07802700 0.00035000
v 0.06723900 0.07802700 0.00035000
v 0.06707000 0.07800100 0.00053100
v 0.06707000 0.07800100 0.00053100
v 0.06707000 0.07800100 0.00053100
v 0.06707000 0.07800100 0.00053100
v 0.06707000 0.07800100 0.00053100
v 0.06672700 0.07784200 0.00049900
v 0.06672700 0.07784200 0.00049900
v 0.06672700 0.07784200 0.00049900
v 0.06672700 0.07784200 0.00049900
v 0.06672700 0.07784200 0.00049900
v 0.06672700 0.07784200 0.00049900
v 0.06622600 0.07797400 0.00098700
v 0.06622600 0.07797400 0.00098700
v 0.06622600 0.07797400 0.00098700
v 0.06622600 0.07797400 0.00098700
v 0.06622600 0.07797400 0.00098700
v 0.06605400 0.07802700 0.00109800
v 0.06605400 0.07802700 0.00109800
v 0.06605400 0.07802700 0.00109800
v 0.06605400 0.07802700 0.00109800
v 0.06605400 0.07802700 0.00109800
v 0.06605400 0.07802700 0.00109800
v 0.06568100 0.07785400 0.00075300
v 0.06568100 0.07785400 0.00075300
v 0.06568100 0.07785400 0.00075300
v 0.06568100 0.07785400 0.00075300
v 0.06568100 0.07785400 0.00075300
v 0.06581300 0.07800100 0.00104200
v 0.06581300 0.07800100 0.00104200
v 0.06581300 0.07800100 0.00104200
v 0.06581300 0.07800100 0.00104200
v 0.06581300 0.07800100 0.00104200
v 0.06549100 0.07779500 0.00056100
v 0.06549100 0.07779500 0.00056100
v 0.06549100 0.07779500 0.00056100
v 0.06549100 0.07779500 0.00056100
v 0.06549100 0.07779500 0.00056100
v 0.06549100 0.07779500 0.00056100
v 0.06523300 0.07785900 0.00050100
v 0.06523300 0.07785900 0.00050100
v 0.06523300 0.07785900 0.00050100
v 0.06523300 0.07785900 0.00050100
v 0.06523300 0.07785900 0.00050100
v 0.06477400 0.07802700 0.00037900
v 0.06477400 0.07802700 0.00037900
v 0.06477400 0.07802700 0.00037900
v 0.06477400 0.07802700 0.00037900
v 0.06477400 0.07802700 0.00037900
v 0.06493300 0.07800000 0.00053300
v 0.06493300 0.07800000 0.00053300
v 0.06493300 0.07800000 0.00053300
v 0.06493300 0.07800000 0.00053300
v 0.06493300 0.07800000 0.00053300
v 0.06492600 0.07785400 -0.00005000
v 0.06492600 0.07785400 -0.00005000
v 0.06492600 0.07785400 -0.00005000
v 0.06492600 0.07785400 -0.00005000
v 0.06492600 0.07785400 -0.00005000
v 0.06475100 0.07799100 0.00018300
v 0.06475100 0.07799100 0.00018300
v 0.06475100 0.07799100 0.00018300
v 0.06475100 0.07799100 0.00018300
v 0.06475100 0.07799100 0.00018300
v 0.06499700 0.07779600 -0.00030300
v 0.06499700 0.07779600 -0.00030300
v 0.06499700 0.07779600 -0.00030300
v 0.06499700 0.07779600 -0.00030300
v 0.06499700 0.07779600 -0.00030300
v 0.06475400 0.07798500 -0.00076800
v 0.06475400 0.07798500 -0.00076800
v 0.06475400 0.07798500 -0.00076800
v 0.06475400 0.07798500 -0.00076800
v 0.06475400 0.07798500 -0.00076800
v 0.06492500 0.07785500 -0.00055500
v 0.06492500 0.07785500 -0.00055500
v 0.06492500 0.07785500 -0.00055500
v 0.06492500 0.07785500 -0.00055500
v 0.06492500 0.07785500 -0.00055500
v 0.06497000 0.07798700 -0.00114800
v 0.06497000 0.07798700 -0.00114800
v 0.06497000 0.07798700 -0.00114800
v 0.06497000 0.07798700 -0.00114800
v 0.06497000 0.07798700 -0.00114800
v 0.06497000 0.07798700 -0.00114800
v 0.06478100 0.07802900 -0.00100000
v 0.06478100 0.07802900 -0.00100000
v 0.06478100 0.07802900 -0.00100000
v 0.06478100 0.07802900 -0.00100000
v 0.06478100 0.07802900 -0.00100000
v 0.06538700 0.07780500 -0.00111800
v 0.06538700 0.07780500 -0.00111800
v 0.06538700 0.07780500 -0.00111800
v 0.06538700 0.07780500 -0.00111800
v 0.06538700 0.07780500 -0.00111800
v 0.06576800 0.07797500 -0.00159300
v 0.06576800 0.07797500 -0.00159300
v 0.06576800 0.07797500 -0.00159300
v 0.06576800 0.07797500 -0.00159300
v 0.06576800 0.07797500 -0.00159300
v 0.06563700 0.07782700 -0.00129400
v 0.06563700 0.07782700 -0.00129400
v 0.06563700 0.07782700 -0.00129400
v 0.06563700 0.07782700 -0.00129400
v 0.06563700 0.07782700 -0.00129400
v 0.06594400 0.07802700 -0.00170300
v 0.06594400 0.07802700 -0.00170300
v 0.06594400 0.07802700 -0.00170300
v 0.06594400 0.07802700 -0.00170300
v 0.06594400 0.07802700 -0.00170300
v 0.06594400 0.07802700 -0.00170300
v 0.06614200 0.07801100 -0.00166900
v 0.06614200 0.07801100 -0.00166900
v 0.06614200 0.07801100 -0.00166900
v 0.06614200 0.07801100 -0.00166900
v 0.06614200 0.07801100 -0.00166900
v 0.06640000 0.07780500 -0.00124100
v 0.06640000 0.07780500 -0.00124100
v 0.06640000 0.07780500 -0.00124100
v 0.06640000 0.07780500 -0.00124100
v 0.06640000 0.07780500 -0.00124100
v 0.06624800 0.07795500 -0.00155400
v 0.06624800 0.07795500 -0.00155400
v 0.06624800 0.07795500 -0.00155400
v 0.06624800 0.07795500 -0.00155400
v 0.06624800 0.07795500 -0.00155400
v 0.06697800 0.07796400 -0.00114600
v 0.06697800 0.07796400 -0.00114600
v 0.06697800 0.07796400 -0.00114600
v 0.06697800 0.07796400 -0.00114600
v 0.06697800 0.07796400 -0.00114600
v 0.06697800 0.07796400 -0.00114600
v 0.06667700 0.07782700 -0.00111100
v 0.06667700 0.07782700 -0.00111100
v 0.06667700 0.07782700 -0.00111100
v 0.06667700 0.07782700 -0.00111100
v 0.06667700 0.07782700 -0.00111100
v 0.06714200 0.07801800 -0.00108600
v 0.06714200 0.07801800 -0.00108600
v 0.06714200 0.07801800 -0.00108600
v 0.06714200 0.07801800 -0.00108600
v 0.06723100 0.07797400 -0.00074700
v 0.06723100 0.07797400 -0.00074700
v 0.06723100 0.07797400 -0.00074700
v 0.06723100 0.07797400 -0.00074700
v 0.06723100 0.07797400 -0.00074700
v 0.06724100 0.07802600 -0.00094700
v 0.06724100 0.07802600 -0.00094700
v 0.06724100 0.07802600 -0.00094700
v 0.06724100 0.07802600 -0.00094700
v 0.06724100 0.07802600 -0.00094700
v 0.06706900 0.07785200 -0.00054900
v 0.06706900 0.07785200 -0.00054900
v 0.06706900 0.07785200 -0.00054900
v 0.06706900 0.07785200 -0.00054900
v 0.06706900 0.07785200 -0.00054900
v 0.06700200 0.07779600 -0.00030200
v 0.06700200 0.07779600 -0.00030200
v 0.06700200 0.07779600 -0.00030200
v 0.06700200 0.07779600 -0.00030200
v 0.06700200 0.07779600 -0.00030200
v -0.06599900 0.07721800 -0.00030200
v -0.06599900 0.07721800 -0.00030200
v -0.06599900 0.07721800 -0.00030200
v -0.06599900 0.07721800 -0.00030200
v -0.06599900 0.07721800 -0.00030200
v -0.06599900 0.07721800 -0.00030200
v -0.06599900 0.07721800 -0.00030200
v -0.06599900 0.07721800 -0.00030200
v -0.06599900 0.07721800 -0.00030200
v -0.06599900 0.07721800 -0.00030200
v -0.06599900 0.07721800 -0.00030200
v -0.06599900 0.07721800 -0.00030200
v -0.06599900 0.07721800 -0.00030200
v -0.06599900 0.07721800 -0.00030200
v -0.06599900 0.07721800 -0.00030200
v -0.06599900 0.07721800 -0.00030200
v -0.06599900 0.07721800 -0.00030200
v -0.06599900 0.07721800 -0.00030200
v -0.06599900 0.07721800 -0.00030200
v -0.06599900 0.07721800 -0.00030200
v -0.06599900 0.07721800 -0.00030200
v -0.06599900 0.07721800 -0.00030200
v -0.06599900 0.07721800 -0.00030200
v -0.06599900 0.07721800 -0.00030200
v -0.06599900 0.07721800 -0.00030200
v -0.06599900 0.07721800 -0.00030200
v -0.06599900 0.07721800 -0.00030200
v -0.06599900 0.07721800 -0.00030200
v -0.06599900 0.07721800 -0.00030200
v -0.06599900 0.07721800 -0.00030200
v -0.06599900 0.07721800 -0.00030200
v -0.06599900 0.07721800 -0.00030200
v -0.06599900 0.07721800 -0.00030200
v -0.06599900 0.07721800 -0.00030200
v -0.06599900 0.07721800 -0.00030200
v -0.06599900 0.07721800 -0.00030200
v -0.06501200 0.07779900 -0.00010500
v -0.06501200 0.07779900 -0.00010500
v -0.06501200 0.07779900 -0.00010500
v -0.06501200 0.07779900 -0.00010500
v -0.06501200 0.07779900 -0.00010500
v -0.06494100 0.07782900 -0.00032900
v -0.06494100 0.07782900 -0.00032900
v -0.06494100 0.07782900 -0.00032900
v -0.06494100 0.07782900 -0.00032900
v -0.06494100 0.07782900 -0.00032900
v -0.06533500 0.07779900 -0.00105900
v -0.06533500 0.07779900 -0.00105900
v -0.06533500 0.07779900 -0.00105900
v -0.06533500 0.07779900 -0.00105900
v -0.06533500 0.07779900 -0.00105900
v -0.06549300 0.07782900 -0.00123200
v -0.06549300 0.07782900 -0.00123200
v -0.06549300 0.07782900 -0.00123200
v -0.06549300 0.07782900 -0.00123200
v -0.06549300 0.07782900 -0.00123200
v -0.06705700 0.07782900 -0.00027600
v -0.06705700 0.07782900 -0.00027600
v -0.06705700 0.07782900 -0.00027600
v -0.06705700 0.07782900 -0.00027600
v -0.06705700 0.07782900 -0.00027600
v -0.06594400 0.07795500 0.00097300
v -0.06594400 0.07795500 0.00097300
v -0.06594400 0.07795500 0.00097300
v -0.06594400 0.07795500 0.00097300
v -0.06594400 0.07795500 0.00097300
v -0.06585000 0.07785900 0.00079800
v -0.06585000 0.07785900 0.00079800
v -0.06585000 0.07785900 0.00079800
v -0.06585000 0.07785900 0.00079800
v -0.06585000 0.07785900 0.00079800
v -0.06606500 0.07801200 0.00107000
v -0.06606500 0.07801200 0.00107000
v -0.06606500 0.07801200 0.00107000
v -0.06606500 0.07801200 0.00107000
v -0.06606500 0.07801200 0.00107000
v -0.06631700 0.07802200 0.00105600
v -0.06631700 0.07802200 0.00105600
v -0.06631700 0.07802200 0.00105600
v -0.06631700 0.07802200 0.00105600
v -0.06631700 0.07802200 0.00105600
v -0.06643900 0.07794200 0.00087100
v -0.06643900 0.07794200 0.00087100
v -0.06643900 0.07794200 0.00087100
v -0.06643900 0.07794200 0.00087100
v -0.06643900 0.07794200 0.00087100
v -0.06659400 0.07779200 0.00050000
v -0.06659400 0.07779200 0.00050000
v -0.06659400 0.07779200 0.00050000
v -0.06659400 0.07779200 0.00050000
v -0.06659400 0.07779200 0.00050000
v -0.06659400 0.07779200 0.00050000
v -0.06689200 0.07786500 0.00037400
v -0.06689200 0.07786500 0.00037400
v -0.06689200 0.07786500 0.00037400
v -0.06689200 0.07786500 0.00037400
v -0.06689200 0.07786500 0.00037400
v -0.06731300 0.07802700 0.00018400
v -0.06731300 0.07802700 0.00018400
v -0.06731300 0.07802700 0.00018400
v -0.06731300 0.07802700 0.00018400
v -0.06731300 0.07802700 0.00018400
v -0.06718000 0.07800000 0.00036200
v -0.06718000 0.07800000 0.00036200
v -0.06718000 0.07800000 0.00036200
v -0.06718000 0.07800000 0.00036200
v -0.06718000 0.07800000 0.00036200
v -0.06730300 0.07798600 -0.00003100
v -0.06730300 0.07798600 -0.00003100
v -0.06730300 0.07798600 -0.00003100
v -0.06730300 0.07798600 -0.00003100
v -0.06730300 0.07798600 -0.00003100
v -0.06698000 0.07780300 -0.00057200
v -0.06698000 0.07780300 -0.00057200
v -0.06698000 0.07780300 -0.00057200
v -0.06698000 0.07780300 -0.00057200
v -0.06698000 0.07780300 -0.00057200
v -0.06712500 0.07795000 -0.00088500
v -0.06712500 0.07795000 -0.00088500
v -0.06712500 0.07795000 -0.00088500
v -0.06712500 0.07795000 -0.00088500
v -0.06712500 0.07795000 -0.00088500
v -0.06707900 0.07802700 -0.00119500
v -0.06707900 0.07802700 -0.00119500
v -0.06707900 0.07802700 -0.00119500
v -0.06707900 0.07802700 -0.00119500
v -0.06707900 0.07802700 -0.00119500
v -0.06715500 0.07801000 -0.00103900
v -0.06715500 0.07801000 -0.00103900
v -0.06715500 0.07801000 -0.00103900
v -0.06715500 0.07801000 -0.00103900
v -0.06715500 0.07801000 -0.00103900
v -0.06690100 0.07799000 -0.00129100
v -0.06690100 0.07799000 -0.00129100
v -0.06690100 0.07799000 -0.00129100
v -0.06690100 0.07799000 -0.00129100
v -0.06690100 0.07799000 -0.00129100
v -0.06661200 0.07784900 -0.00120800
v -0.06661200 0.07784900 -0.00120800
v -0.06661200 0.07784900 -0.00120800
v -0.06661200 0.07784900 -0.00120800
v -0.06661200 0.07784900 -0.00120800
v -0.06636200 0.07779600 -0.00123700
v -0.06636200 0.07779600 -0.00123700
v -0.06636200 0.07779600 -0.00123700
v -0.06636200 0.07779600 -0.00123700
v -0.06614800 0.07785900 -0.00140200
v -0.06614800 0.07785900 -0.00140200
v -0.06614800 0.07785900 -0.00140200
v -0.06614800 0.07785900 -0.00140200
v -0.06614800 0.07785900 -0.00140200
v -0.06601100 0.07798800 -0.00163600
v -0.06601100 0.07798800 -0.00163600
v -0.06601100 0.07798800 -0.00163600
v -0.06601100 0.07798800 -0.00163600
v -0.06601100 0.07798800 -0.00163600
v -0.06601100 0.07798800 -0.00163600
v -0.06578100 0.07802900 -0.00169000
v -0.06578100 0.07802900 -0.00169000
v -0.06578100 0.07802900 -0.00169000
v -0.06578100 0.07802900 -0.00169000
v -0.06578100 0.07802900 -0.00169000
v -0.06558100 0.07798500 -0.00156500
v -0.06558100 0.07798500 -0.00156500
v -0.06558100 0.07798500 -0.00156500
v -0.06558100 0.07798500 -0.00156500
v -0.06558100 0.07798500 -0.00156500
v -0.06481300 0.07799900 -0.00095400
v -0.06481300 0.07799900 -0.00095400
v -0.06481300 0.07799900 -0.00095400
v -0.06481300 0.07799900 -0.00095400
v -0.06481300 0.07799900 -0.00095400
v -0.06508500 0.07787500 -0.00098100
v -0.06508500 0.07787500 -0.00098100
v -0.06508500 0.07787500 -0.00098100
v -0.06508500 0.07787500 -0.00098100
v -0.06508500 0.07787500 -0.00098100
v -0.06467600 0.07803000 -0.00077800
v -0.06467600 0.07803000 -0.00077800
v -0.06467600 0.07803000 -0.00077800
v -0.06467600 0.07803000 -0.00077800
v -0.06467600 0.07803000 -0.00077800
v -0.06471500 0.07797300 -0.00055100
v -0.06471500 0.07797300 -0.00055100
v -0.06471500 0.07797300 -0.00055100
v -0.06471500 0.07797300 -0.00055100
v -0.06471500 0.07797300 -0.00055100
v -0.06496600 0.07786500 0.00013400
v -0.06496600 0.07786500 0.00013400
v -0.06496600 0.07786500 0.00013400
v -0.06496600 0.07786500 0.00013400
v -0.06496600 0.07786500 0.00013400
v -0.06492100 0.07802700 0.00059200
v -0.06492100 0.07802700 0.00059200
v -0.06492100 0.07802700 0.00059200
v -0.06492100 0.07802700 0.00059200
v -0.06492100 0.07802700 0.00059200
v -0.06483400 0.07800000 0.00038800
v -0.06483400 0.07800000 0.00038800
v -0.06483400 0.07800000 0.00038800
v -0.06483400 0.07800000 0.00038800
v -0.06483400 0.07800000 0.00038800
v -0.06539300 0.07784700 0.00060400
v -0.06539300 0.07784700 0.00060400
v -0.06539300 0.07784700 0.00060400
v -0.06539300 0.07784700 0.00060400
v -0.06539300 0.07784700 0.00060400
v -0.06510700 0.07798800 0.00069000
v -0.06510700 0.07798800 0.00069000
v -0.06510700 0.07798800 0.00069000
v -0.06510700 0.07798800 0.00069000
v -0.06510700 0.07798800 0.00069000
v -0.06563600 0.07779600 0.00063300
v -0.06563600 0.07779600 0.00063300
v -0.06563600 0.07779600 0.00063300
v -0.06563600 0.07779600 0.00063300
v -0.06563600 0.07779600 0.00063300
v -0.03177100 0.07162500 -0.05516800
v -0.03177100 0.07162500 -0.05516800
v -0.03177100 0.07162500 -0.05516800
v -0.03177100 0.07162500 -0.05516800
v -0.03177100 0.07162500 -0.05516800
v -0.03201200 0.07156400 -0.05518800
v -0.03201200 0.07156400 -0.05518800
v -0.03201200 0.07156400 -0.05518800
v -0.03201200 0.07156400 -0.05518800
v -0.03201200 0.07156400 -0.05518800
v -0.03225200 0.07162300 -0.05506100
v -0.03225200 0.07162300 -0.05506100
v -0.03225200 0.07162300 -0.05506100
v -0.03225200 0.07162300 -0.05506100
v -0.03225200 0.07162300 -0.05506100
v -0.03297800 0.07156900 -0.05546600
v -0.03297800 0.07156900 -0.05546600
v -0.03297800 0.07156900 -0.05546600
v -0.03297800 0.07156900 -0.05546600
v -0.03297800 0.07156900 -0.05546600
v -0.03316300 0.07160500 -0.05560400
v -0.03316300 0.07160500 -0.05560400
v -0.03316300 0.07160500 -0.05560400
v -0.03316300 0.07160500 -0.05560400
v -0.03316300 0.07160500 -0.05560400
v -0.03316300 0.07160500 -0.05560400
v -0.03287200 0.07160900 -0.05528300
v -0.03287200 0.07160900 -0.05528300
v -0.03287200 0.07160900 -0.05528300
v -0.03287200 0.07160900 -0.05528300
v -0.03284800 0.07175500 -0.05497500
v -0.03284800 0.07175500 -0.05497500
v -0.03284800 0.07175500 -0.05497500
v -0.03284800 0.07175500 -0.05497500
v -0.03284800 0.07175500 -0.05497500
v -0.03262600 0.07179800 -0.05480300
v -0.03262600 0.07179800 -0.05480300
v -0.03262600 0.07179800 -0.05480300
v -0.03262600 0.07179800 -0.05480300
v -0.03262600 0.07179800 -0.05480300
v -0.03262600 0.07179800 -0.05480300
v -0.03262600 0.07179800 -0.05480300
v -0.03262600 0.07179800 -0.05480300
v -0.03262600 0.07179800 -0.05480300
v -0.03239500 0.07173600 -0.05487400
v -0.03239500 0.07173600 -0.05487400
v -0.03239500 0.07173600 -0.05487400
v -0.03239500 0.07173600 -0.05487400
v -0.03239500 0.07173600 -0.05487400
v -0.03359300 0.07176600 -0.05605500
v -0.03359300 0.07176600 -0.05605500
v -0.03359300 0.07176600 -0.05605500
v -0.03359300 0.07176600 -0.05605500
v -0.03359300 0.07176600 -0.05605500
v -0.03359300 0.07176600 -0.05605500
v -0.03360900 0.07179900 -0.05579800
v -0.03360900 0.07179900 -0.05579800
v -0.03360900 0.07179900 -0.05579800
v -0.03360900 0.07179900 -0.05579800
v -0.03360900 0.07179900 -0.05579800
v -0.03360900 0.07179900 -0.05579800
v -0.03360900 0.07179900 -0.05579800
v -0.03343800 0.07173600 -0.05564400
v -0.03343800 0.07173600 -0.05564400
v -0.03343800 0.07173600 -0.05564400
v -0.03343800 0.07173600 -0.05564400
v -0.03330600 0.07159900 -0.05627000
v -0.03330600 0.07159900 -0.05627000
v -0.03330600 0.07159900 -0.05627000
v -0.03330600 0.07159900 -0.05627000
v -0.03330600 0.07159900 -0.05627000
v -0.03330600 0.07159900 -0.05627000
v -0.03318100 0.07158900 -0.05662900
v -0.03318100 0.07158900 -0.05662900
v -0.03318100 0.07158900 -0.05662900
v -0.03318100 0.07158900 -0.05662900
v -0.03318100 0.07158900 -0.05662900
v -0.03293300 0.07173100 -0.05725200
v -0.03293300 0.07173100 -0.05725200
v -0.03293300 0.07173100 -0.05725200
v -0.03293300 0.07173100 -0.05725200
v -0.03293300 0.07173100 -0.05725200
v -0.03312000 0.07179200 -0.05724800
v -0.03312000 0.07179200 -0.05724800
v -0.03312000 0.07179200 -0.05724800
v -0.03312000 0.07179200 -0.05724800
v -0.03312000 0.07179200 -0.05724800
v -0.03312000 0.07179200 -0.05724800
v -0.03312000 0.07179200 -0.05724800
v -0.03325100 0.07179700 -0.05714100
v -0.03325100 0.07179700 -0.05714100
v -0.03325100 0.07179700 -0.05714100
v -0.03325100 0.07179700 -0.05714100
v -0.03325100 0.07179700 -0.05714100
v -0.03325100 0.07179700 -0.05714100
v -0.03329100 0.07173600 -0.05693000
v -0.03329100 0.07173600 -0.05693000
v -0.03329100 0.07173600 -0.05693000
v -0.03329100 0.07173600 -0.05693000
v -0.03329100 0.07173600 -0.05693000
v -0.03260500 0.07158300 -0.05712900
v -0.03260500 0.07158300 -0.05712900
v -0.03260500 0.07158300 -0.05712900
v -0.03260500 0.07158300 -0.05712900
v -0.03260500 0.07158300 -0.05712900
v -0.03210200 0.07173700 -0.05744800
v -0.03210200 0.07173700 -0.05744800
v -0.03210200 0.07173700 -0.05744800
v -0.03210200 0.07173700 -0.05744800
v -0.03210200 0.07173700 -0.05744800
v -0.03230900 0.07158900 -0.05720100
v -0.03230900 0.07158900 -0.05720100
v -0.03230900 0.07158900 -0.05720100
v -0.03230900 0.07158900 -0.05720100
v -0.03230900 0.07158900 -0.05720100
v -0.03230900 0.07158900 -0.05720100
v -0.03185300 0.07179900 -0.05751500
v -0.03185300 0.07179900 -0.05751500
v -0.03185300 0.07179900 -0.05751500
v -0.03185300 0.07179900 -0.05751500
v -0.03185300 0.07179900 -0.05751500
v -0.03185300 0.07179900 -0.05751500
v -0.03185300 0.07179900 -0.05751500
v -0.03165200 0.07174900 -0.05733700
v -0.03165200 0.07174900 -0.05733700
v -0.03165200 0.07174900 -0.05733700
v -0.03165200 0.07174900 -0.05733700
v -0.03165200 0.07174900 -0.05733700
v -0.03165200 0.07174900 -0.05733700
v -0.03165200 0.07174900 -0.05733700
v -0.03154400 0.07156300 -0.05686800
v -0.03154400 0.07156300 -0.05686800
v -0.03154400 0.07156300 -0.05686800
v -0.03154400 0.07156300 -0.05686800
v -0.03154400 0.07156300 -0.05686800
v -0.03154400 0.07156300 -0.05686800
v -0.03128700 0.07162700 -0.05670500
v -0.03128700 0.07162700 -0.05670500
v -0.03128700 0.07162700 -0.05670500
v -0.03128700 0.07162700 -0.05670500
v -0.03128700 0.07162700 -0.05670500
v -0.03156400 0.07173500 -0.05506400
v -0.03156400 0.07173500 -0.05506400
v -0.03156400 0.07173500 -0.05506400
v -0.03156400 0.07173500 -0.05506400
v -0.03156400 0.07173500 -0.05506400
v -0.03134600 0.07179600 -0.05508700
v -0.03134600 0.07179600 -0.05508700
v -0.03134600 0.07179600 -0.05508700
v -0.03134600 0.07179600 -0.05508700
v -0.03134600 0.07179600 -0.05508700
v -0.03134600 0.07179600 -0.05508700
v -0.03134600 0.07179600 -0.05508700
v -0.03119400 0.07176100 -0.05533400
v -0.03119400 0.07176100 -0.05533400
v -0.03119400 0.07176100 -0.05533400
v -0.03119400 0.07176100 -0.05533400
v -0.03119400 0.07176100 -0.05533400
v -0.03119400 0.07176100 -0.05533400
v -0.03119300 0.07159900 -0.05605100
v -0.03119300 0.07159900 -0.05605100
v -0.03119300 0.07159900 -0.05605100
v -0.03119300 0.07159900 -0.05605100
v -0.03119300 0.07159900 -0.05605100
v -0.03119300 0.07159900 -0.05605100
v -0.03131900 0.07158900 -0.05569100
v -0.03131900 0.07158900 -0.05569100
v -0.03131900 0.07158900 -0.05569100
v -0.03131900 0.07158900 -0.05569100
v -0.03131900 0.07158900 -0.05569100
v -0.03101800 0.07175500 -0.05666300
v -0.03101800 0.07175500 -0.05666300
v -0.03101800 0.07175500 -0.05666300
v -0.03101800 0.07175500 -0.05666300
v -0.03087900 0.07179700 -0.05646700
v -0.03087900 0.07179700 -0.05646700
v -0.03087900 0.07179700 -0.05646700
v -0.03087900 0.07179700 -0.05646700
v -0.03087900 0.07179700 -0.05646700
v -0.03087900 0.07179700 -0.05646700
v -0.03087900 0.07179700 -0.05646700
v -0.03087900 0.07179700 -0.05646700
v -0.03091500 0.07176000 -0.05625500
v -0.03091500 0.07176000 -0.05625500
v -0.03091500 0.07176000 -0.05625500
v -0.03091500 0.07176000 -0.05625500
v 0.03300000 0.08341800 0.05685500
v 0.03300000 0.08341800 0.05685500
v 0.03300000 0.08341800 0.05685500
v 0.03300000 0.08341800 0.05685500
v 0.03300000 0.08341800 0.05685500
v 0.03300000 0.08341800 0.05685500
v 0.03300000 0.08341800 0.05685500
v 0.03300000 0.08341800 0.05685500
v 0.03300000 0.08341800 0.05685500
v 0.03300000 0.08341800 0.05685500
v 0.03300000 0.08341800 0.05685500
v 0.03300000 0.08341800 0.05685500
v 0.03300000 0.08341800 0.05685500
v 0.03300000 0.08341800 0.05685500
v 0.03300000 0.08341800 0.05685500
v 0.03300000 0.08341800 0.05685500
v 0.03300000 0.08341800 0.05685500
v 0.03300000 0.08341800 0.05685500
v 0.03300000 0.08341800 0.05685500
v 0.03300000 0.08341800 0.05685500
v 0.03300000 0.08341800 0.05685500
v 0.03300000 0.08341800 0.05685500
v 0.03300000 0.08341800 0.05685500
v 0.03300000 0.08341800 0.05685500
v 0.03300000 0.08341800 0.05685500
v 0.03300000 0.08341800 0.05685500
v 0.03300000 0.08341800 0.05685500
v 0.03300000 0.08341800 0.05685500
v 0.03300000 0.08341800 0.05685500
v 0.03300000 0.08341800 0.05685500
v 0.03300000 0.08341800 0.05685500
v 0.03300000 0.08341800 0.05685500
v 0.03300000 0.08341800 0.05685500
v 0.03300000 0.08341800 0.05685500
v 0.03300000 0.08341800 0.05685500
v 0.03300000 0.08341800 0.05685500
v 0.03343700 0.08400100 0.05776700
v 0.03343700 0.08400100 0.05776700
v 0.03343700 0.08400100 0.05776700
v 0.03343700 0.08400100 0.05776700
v 0.03343700 0.08400100 0.05776700
v 0.03423300 0.08417500 0.05730000
v 0.03423300 0.08417500 0.05730000
v 0.03423300 0.08417500 0.05730000
v 0.03423300 0.08417500 0.05730000
v 0.03423300 0.08417500 0.05730000
v 0.03407400 0.08405500 0.05710700
v 0.03407400 0.08405500 0.05710700
v 0.03407400 0.08405500 0.05710700
v 0.03407400 0.08405500 0.05710700
v 0.03407400 0.08405500 0.05710700
v 0.03424000 0.08422700 0.05750700
v 0.03424000 0.08422700 0.05750700
v 0.03424000 0.08422700 0.05750700
v 0.03424000 0.08422700 0.05750700
v 0.03424000 0.08422700 0.05750700
v 0.03424000 0.08422700 0.05750700
v 0.03372700 0.08404200 0.05765600
v 0.03372700 0.08404200 0.05765600
v 0.03372700 0.08404200 0.05765600
v 0.03372700 0.08404200 0.05765600
v 0.03372700 0.08404200 0.05765600
v 0.03372700 0.08404200 0.05765600
v 0.03407000 0.08420100 0.05768800
v 0.03407000 0.08420100 0.05768800
v 0.03407000 0.08420100 0.05768800
v 0.03407000 0.08420100 0.05768800
v 0.03407000 0.08420100 0.05768800
v 0.03322600 0.08417400 0.05814400
v 0.03322600 0.08417400 0.05814400
v 0.03322600 0.08417400 0.05814400
v 0.03322600 0.08417400 0.05814400
v 0.03322600 0.08417400 0.05814400
v 0.03305500 0.08422700 0.05825500
v 0.03305500 0.08422700 0.05825500
v 0.03305500 0.08422700 0.05825500
v 0.03305500 0.08422700 0.05825500
v 0.03305500 0.08422700 0.05825500
v 0.03305500 0.08422700 0.05825500
v 0.03281300 0.08420100 0.05819900
v 0.03281300 0.08420100 0.05819900
v 0.03281300 0.08420100 0.05819900
v 0.03281300 0.08420100 0.05819900
v 0.03281300 0.08420100 0.05819900
v 0.03268100 0.08405400 0.05791000
v 0.03268100 0.08405400 0.05791000
v 0.03268100 0.08405400 0.05791000
v 0.03268100 0.08405400 0.05791000
v 0.03268100 0.08405400 0.05791000
v 0.03249100 0.08399500 0.05771800
v 0.03249100 0.08399500 0.05771800
v 0.03249100 0.08399500 0.05771800
v 0.03249100 0.08399500 0.05771800
v 0.03249100 0.08399500 0.05771800
v 0.03249100 0.08399500 0.05771800
v 0.03223300 0.08405900 0.05765800
v 0.03223300 0.08405900 0.05765800
v 0.03223300 0.08405900 0.05765800
v 0.032